System_realization
0
0
0
0
0
0
0
0
0
0
0
0
0
0
0
0
0
0
0
0
0
0
0
0
0
0
0
0
0
0
0
0
0
0
0
0
0
0
0
0
0
0
0
0
0
0
0
0
0
0
0
0
0
0
0
0
0
0
0
0
0
0
0
0
0
0
0
0
0
0
0
0
0
0
0
0
0
0
0
0
0
0
0
0
0
0
0
0
0
0
0
0
0
0
0
0
0
0
0
0
0
0
0
0
0
0
0
0
0
0
0
0
0
0
0
0
0
0
0
0
0
0
0
0
0
0
0
0
0
0
0
0
0
0
0
0
0
0
0
0
0
0
0
0
0
0
0
0
0
0
0
0
0
0
0
0
0
0
0
0
0
0
0
0
0
0
0
0
0
0
0
0
0
0
0
0
0
0
0
0
0
0
0
0
0
0
0
0
0
0
0
0
0
0
0
0
0
0
0
0
0
0
0
0
0
0
0
0
0
0
0
0
0
0
0
0
0
0
0
0
0
0
0
0
0
0
0
0
0
0
0
0
0
0
0
0
0
0
0
0
0
0
0
0
0
0
0
0
0
0
0
0
0
0
0
0
0
0
0
0
0
0
0
0
0
0
0
0
0
0
0
0
0
0
0
0
0
0
0
0
0
0
0
0
0
0
0
0
0
0
0
0
0
0
0
0
0
0
0
0
0
0
0
0
0
0
0
0
0
0
0
0
0
0
0
0
0
0
0
0
0
0
0
0
0
0
0
0
0
0
0
0
0
0
0
0
0
0
0
0
0
0
0
0
0
0
0
0
0
0
0
0
0
0
0
0
0
0
0
0
0
0
0
0
0
0
0
0
0
0
0
0
0
0
0
0
0
0
0
0
0
0
0
0
0
0
0
0
0
0
0
0
0
0
0
0
0
0
0
0
0
0
0
0
0
0
0
0
0
0
0
0
0
0
0
0
0
0
0
0
0
0
0
0
0
0
0
0
0
0
0
0
0
0
0
0
0
0
0
0
0
0
0
0
0
0
0
0
0
0
0
0
0
0
0
0
0
0
0
0
0
0
0
0
0
0
0
0
0
0
0
0
0
0
0
0
0
0
0
0
0
0
0
0
0
0
0
0
0
0
0
0
0
0
0
0
0
0
0
0
0
0
0
0
0
0
0
0
0
0
0
0
0
0
0
0
0
0
0
0
0
0
0
0
0
0
0
0
0
0
0
0
0
0
0
0
0
0
0
0
0
0
0
0
0
0
0
0
0
0
0
0
0
0
0
0
0
0
0
0
0
0
0
0
0
0
0
0
0
0
0
0
0
0
0
0
0
0
0
0
0
0
0
0
0
0
0
0
0
0
0
0
0
0
0
0
0
0
0
0
0
Rain_input
.10000277777520576
.10024195579192167
.10086672478887419
.10187660272221684
.1032708104152525
.1050482721596114
.10720761654521965
.10974717751841795
.1126649956674142
.11595881973407801
.1196261083509111
.12366403200185269
.12806947520540782
.13283903891841362
.1379690431585893
.14345552984384588
.14929426584616562
.1554807462576945
.16201019786652776
.16887758283950716
.1760776026091876
.18360470196197554
.1914530733242832
.19961666124339325
.20808916705957542
.21686405376585055
.22593455105165422
.23529366052650458
.24493416111964889
.25484861465151853
.2650293715726962
.2754685768659665
.2861581761068962
.29708992167826864
.30825537913357615
.3196459337046629
.3312527969484942
.3430670135279277
.35507946812125024
.3672808924551535
.3796618724557198
.3922128555119009
.404924157845885
.41778597198466816
.4307883743270623
.44392133280030166
.4571747146003433
.47053829400988434
.4840017602880695
.49755472562579894
.5111867331604962
.5248872650441573
.5386457505584509
.5524515742706146
.5662940842238471
.5801626001558814
.5940464217394005
.6079348368379295
.6218171297708427
.6356825895811045
.6495205182993643
.6633202391980312
.677071105028963
.6907625062384035
.7043838791528423
.7179247141294732
.7313745636649647
.7447230504562864
.7579598754073736
.771074825575449
.7840577820508727
.7968987277644413
.8095877552161107
.8221150741191819
.8344710189540462
.8466460564256708
.8586307928190622
.8704159812470358
.881992528784705
.8933515034851708
.9044841412710162
.9153818526962761
.9260362295736695
.9364390514619817
.9465822920085897
.9564581251422362
.9660589311112782
.9753773023627456
.9844060492576784
.9931382056183319
1.0015670341029665
1.0096860314040819
1.0174889332660757
1.0249697193184661
1.0321226177209384
1.0389421096166411
1.0454229333902882
1.0515600887277863
1.0573488404742544
1.0627847222874571
1.0678635400838348
1.0725813752744726
1.0769345877885061
1.080919818881639
1.0845339937276002
1.0877743237905415
1.090638308976548
1.0931237395625986
1.0952286979014896
1.096951559901406
1.098290996278997
1.099245973584993
1.0998157550015686
1.0999999009108377
1.0997982692340431
1.0992110155411787
1.0982385929309588
1.0968817516812261
1.0951415386700725
1.093019296568113
1.0905166628025422
1.0876355682937693
1.084378235965604
1.0807471790301495
1.0767451990487198
1.0723753837702803
1.0676411047490786
1.0625460147433037
1.0570940448967807
1.0512894017058771
1.0451365637739567
1.0386402783558895
1.0318055576952831
1.024637675157258
1.0171421611597564
1.0093247989065162
1.0011916199250115
.9927488994127952
.9840031513958364
.9749611237025887
.9656297927576684
.9560163581991551
.9461282373236745
.9359730593635427
.9255586596003916
.914893073319815
.9039845296117028
.8928414450210413
.8814724170540834
.8698862175448979
.8580917858874123
.8460982221381783
.8339147799951722
.8215508596580577
.8090160005754082
.7963198740844973
.7834722759493271
.7704831188026523
.7573624244978376
.7441203163764407
.7307670114574987
.7173128125545281
.703768100326336
.6901433252677689
.6764489996465758
.6626956893926111
.6488940059456394
.6350545980680187
.6211881436285902
.6073053413641185
.5934169026246168
.5795335431089494
.5656659745970812
.5518248966853424
.5380209885310998
.524264900613196
.5105672465145163
.4969385947330208
.4833894605275644
.4699302978047928
.45657149105337524
.44332334733179657
.43019608831589273
.41719984241226027
.40434463694363176
.3916403904122394
.3790969048471473
.3667238582414366
.3545307970851016
.34252712899940796
.3307221154783866
.31912486474308066
.3077443247140514
.2965892761075608
.2856683256607614
.2749898994911242
.2645622365952246
.25439338249189664
.244491183014673
.23486327825829134
.22551709668393413
.21645984938776358
.20769852453716253
.19923988197897302
.19109044802390251
.18325651041111637
.17574411345689545
.16855905339111282
.1617068738851239
.1551928617745138
.14902204298001412
.14319917862972537
.13772876138564447
.13261501197732556
.12786187594535586
.12347302059715173
.11945183217742732
.11580141325552108
.11252458033159105
.10962386166352847
.1071014953162686
.10495942743499788
.10319931074359683
.10182250326947154
.10083006729576002
.10022276854172266
.10000107557194701
.1001651594348244
.10071489353057671
.10164985370893492
.10296931859639485
.10467227015279625
.10675739445679752
.10922308271963868
.1120674325264108
.11528824930387371
.11888304801369219
.12284905506977944
.12718321047827155
.13188217019848394
.1369423087230229
.1423597218750636
.1481302298206408
.15424938029362154
.16071245203087292
.16751445841498058
.1746501513216978
.1821140251691648
.1899003211657685
.19800303175337142
.20641590524247205
.2151324506357304
.22414594263613358
.23344942683593098
.24303572508234628
.2528974410159213
.2630269657772123
.27341648387745027
.28405797922862114
.29494324132831906
.306063871594608
.3174112898459876
.3289767409214799
.34075130143572263
.35272588666384974
.3648912575508648
.3772380278400782
.3897566713151256
.4024375291499731
.41527081736123084
.4282466343570428
.44135496857670886
.4545857062151595
.46792863902631565
.4813734721993159
.4949098323015301
.5085272752822413
.5222152945308038
.5359633289830763
.5497607712698702
.5635969759011161
.5774612674794523
.5913429489368839
.6052313097881633
.6191156343945179
.6329852102313646
.6468293361536106
.6606373306521783
.6743985400953856
.6881023469488095
.7017381779672952
.7152955123528113
.7287638898718208
.7421329189259261
.7553922845695719
.7685317564685888
.7815411967934661
.7944105680412439
.8071299407800078
.819689501309989
.83207955923538
.8442905549410131
.8563130669681241
.868137819283542
.8797556884366496
.8911577105986337
.9023350884785818
.9132791981110715
.9239815955100346
.9344340231837707
.9446284165060479
.9545569099384102
.964211843098884
.9735857666723742
.9826714481582324
.9914618774505264
.9999502722467254
1.0081300832806248
1.0159949993754627
1.0235389523133458
1.0307561215172123
1.0376409385417324
1.0441880913696677
1.0503925285103912
1.0562494628973877
1.0617543755817418
1.0669030192187594
1.0716914213450246
1.0761158874433787
1.0801730037934436
1.0838596401054945
1.0871729519356539
1.090110382880535
1.0926696665496514
1.094848828314059
1.096646186829895
1.098060355335625
1.0990902427220082
1.0997350543739475
1.099994292783579
1.0998677579341276
1.09935554745423
1.0984580565426094
1.097175977663158
1.095510300010662
1.0934623087475848
1.0910335840124903
1.0882259997008807
1.0850417220193833
1.0814832078143983
1.07755320267651
1.0732547388221112
1.0685911327538766
1.0635659827019024
1.0581831658474716
1.0524468353315901
1.0463614170506144
1.0399316062414246
1.033162363858789
1.0260589127477138
1.0186267336137316
1.0108715607942278
1.0027993778340882
.9944164128690626
.9857291338204064
.9767442434045316
.9674686739614818
.9579095821062545
.9480743432070736
.9379705456948839
.9276059852084586
.9169886585796339
.9061267576633056
.8950286630169679
.8837029374346438
.8721583193402129
.8604037160452433
.8484481968765024
.8363009861784648
.8239714561962302
.8114691198443136
.7988036233669003
.7859847388952425
.7730223569079169
.7599264785997677
.7467072081654402
.7333747450034338
.719939375846696
.7064114668258408
.6928014554711126
.6791198426592437
.6653771845114564
.6515840842488229
.6377511840113
.623889156646728
.6100086974761346
.5961205160417059
.5822353278437837
.5683638460732612
.5545167733457642
.5407047934439939
.5269385630745889
.5132287036458982
.4995857930729696
.4860203576161044
.4725428637592658
.4591637101346089
.4458932194993539
.43274163077121763
.41971909112851613
.406835648181057
.39410124221785026
.3815256985376271
.36911871986808165
.3568898788796706
.34484861079977946
.33300420613291515
.321365803492571
.3099423825502784
.2987427571072946
.2877755682942701
.27704927790413203
.26657216186335086
.25635230384659946
.24639758903974912
.2367156980560195
.22731410100995614
.21820005175382196
.20938058228085543
.20086249729969125
.1926523689841552
.18475653190246882
.17718107812977907
.16993185254778143
.16301444833507797
.1564342026517243
.15019619252131663
.14430523091378983
.13876586303194027
.13358236280455524
.1287587295888381
.12429868508468121
.12020567046317228
.11648284371153818
.11313307719658286
.11015895544849859
.1075627731667581
.10534653344962476
.10351194624865423
.10206042704937081
.10099309577914173
.10031077594309232
.10001399398872546
.10010297889973839
.1005776620193492
.10143767710326912
.10268236060228074
.10431075217420235
.10632159542484539
.108713338877392
.11148413716944511
.114631852476828
.11815405616303358
.12204803065305192
.12631077153012998
.13093898985384456
.1359291146977023
.1412772959043076
.14697940705597165
.1530310486584707
.15942755153550237
.1661639804312091
.1732351378180042
.18063556790675353
.1883595608562137
.1964011571784935
.2047541523371303
.2134121015342279
.22236832468297885
.23161591156172273
.2411477271455585
.25095641711141387
.2610344135123173
.2713739406164775
.2819670209066989
.29280548123547634
.30388095913102603
.3151849092494031
.32670860996769846
.33844317011325886
.3503795358237155
.362508497532546
.3748206970747544
.3873066349072227
.39995667743812835
.4127610644597913
.4257099166792254
.43879324334054604
.45200094993339757
.4653228459814279
.4787486529048032
.49226801195069547
.5058704921856444
.5195455985435901
.5332827799234
.5470714373296334
.560900932050242
.5747605938649295
.588639729277822
.6025276297680832
.6164135800521369
.6302868663510995
.6441367846570506
.6579526489917694
.6717237996515574
.6854396114317932
.6990895018248612
.7126629391851405
.7261494508547586
.7395386312438197
.7528201498588969
.7659837592735764
.7790193030349211
.7919167234997257
.8046660695945513
.8172575044935276
.8296813132080088
.8419279100822221
.853987846189139
.8658518166208351
.8775106676677465
.8889554038812681
.9001771950142264
.9111673828339178
.9219174878024081
.9324192156189631
.9426644636195632
.9526453270285592
.9623541050576385
.9717833068474118
.9809256572470302
.9897741024273573
.9983218153233975
1.0065622009017487
1.0144889012490357
1.0220958004773981
1.0293770294432283
1.0363269702755442
1.0429402607104887
1.0492117982286122
1.0551367439917432
1.0607105265764298
1.065928845501038
1.0707876745438132
1.0752832648493347
1.0794121478209633
1.0831711377970543
1.0865573345088766
1.0895681253183247
1.092201187233717
1.094454488702112
1.0963262911767626
1.097815150458502
1.098919917810023
1.0996397408421934
1.0999740641717186
1.0999226298496543
1.0994854775604248
1.0986629445912073
1.097455665571694
1.0958645719844413
1.093890891446179
1.0915361467606362
1.0888021547436142
1.0856910248212122
1.0822051574022888
1.0783472420264137
1.0741202552887386
1.0695274585433898
1.0645723953871524
1.0592588889253907
1.0535910388223102
1.0475732181378392
1.0412100699535727
1.034506503790375
1.0274676918204162
1.020099064876554
1.0124063082621462
1.0043953573645203
.9960723930755019
.9874438370225085
.9785163466139071
.969296809902466
.959792340270826
.9500102709431442
.9399581493271
.9296437311906556
.9190749746780462
.9082600341696392
.8972072539903737
.8859251619716537
Output_flow
.09492223887706366
.26740655170805644
.8061969309028428
.6775028949542823
.45774410975227875
.7446892109099876
1.3640718717539122
.5341626147367269
.1615977040117586
.8081239820359791
.7469417625065624
