System_realization
5.000138888760288
4.868394888822072
4.621868002918241
4.934576759377172
4.4185467358819706
4.498714227656182
4.603091071346468
4.575850243040813
4.603275810224917
6.133138189098135
6.38271693367983
5.84493601150626
5.903860107860137
6.685279208216952
7.357147204536488
7.443287117792965
8.5947381026166
8.315802745144527
8.04347387260003
8.92983828008359
7.998338665478098
8.74212503562712
8.684723294121515
9.38265741577894
12.238093589454305
12.284855982081606
12.339279394245565
12.135813665257228
10.762413191098974
14.326894368461545
15.796283513197935
17.780204911921565
16.58228529915148
17.89941581159812
22.32976231751667
27.854823871994892
26.981378271174385
25.670258679958746
27.10234162174334
28.460780558781195
27.232027142545935
23.631364441490028
28.268693763216653
29.397904609543108
28.43791318926997
34.45323303644184
34.85092890354775
34.237287034434985
36.80861221231532
30.12103468287718
27.6860563419349
34.19938657234686
34.99224816347299
32.09992537368778
37.1583407226006
43.54997817442
38.21962744938716
38.128185857991454
43.416134980106946
51.98067726240653
54.52797696422095
61.713791429795236
56.395894921789335
53.73991549614692
46.64079319557789
47.59481493565867
51.40501011501929
49.221733481854805
53.57748898311208
59.63758370853228
54.60503891573785
44.791806111008874
47.63786667168949
54.98216979297369
63.75236948233336
56.59399429474944
69.3115196858065
80.21032740810685
97.6364696499863
93.11228032854295
87.87876380213997
76.86766842443441
79.01057766950196
75.68134266068361
61.788254163518026
63.91930853171508
74.46999212098486
72.77523841621021
60.194728543739345
57.51840039225429
61.151269835175455
61.37649555256039
51.68828421171493
43.95168712577938
41.66772406067501
44.66806705431425
35.447010410610176
39.310375772443464
38.018880344007094
32.33098453609127
31.450940185425438
32.030497610764044
33.22199731790131
34.67590493005282
34.78259345834453
29.68605459984965
27.201503971239976
25.05933229296496
24.32261945339175
24.76706620423799
27.12058022376972
26.151834479735847
24.685483816191635
25.75174032072259
23.644811869202076
25.865072262723896
19.940112749361496
17.22986110136592
15.977537896450148
18.032202012933332
18.13979452392352
19.331338838357492
18.58927088099314
15.638795417359894
15.897035973377168
14.853974841258164
11.78721029897658
14.648970022163532
13.137644046978831
14.993921787292335
15.017572981511327
15.566876486393499
14.170434613859175
14.32425986321307
18.400429782903977
19.79307460351611
20.859105460177243
17.928169133819463
14.677471683593055
15.151798482161107
17.51241617521656
18.288098429242748
16.96040118383708
16.967320667754528
16.578418901919747
20.868709612603308
22.576795329155374
25.795160645452924
25.5559106506312
23.96683656296196
25.777972310314283
24.39931799142843
27.45307745957789
28.8187108644261
27.7734618734069
26.8539642758558
29.30720279016896
32.90911124851534
32.242984211572654
33.912189596793425
33.14089462675461
32.69607819576109
35.35985007056432
30.937064607456033
29.723745043412514
36.79788305597962
34.09511253000761
39.15883008963097
39.227556970726425
45.42743521238545
45.00630847202121
42.60250024749847
49.521840341082765
40.298400802575884
37.82146219320789
36.19875498298793
36.43513334971244
36.532593299842546
38.90418032557236
39.223184655419956
40.13659534526395
43.760605778876325
46.251748130017766
47.324333665903794
45.520686751955445
44.87923374748122
51.418317659769755
50.269720231939175
57.23648689515107
56.85376891430404
62.86549414203029
58.63432437350413
53.15966135508422
48.434050501123984
45.327943551290225
41.89495392726327
38.31592375080672
41.88711929097462
32.46482408913056
33.03554179916428
32.277469377004365
37.12019668182162
38.08766072037826
28.686679472369168
28.74951659697503
31.448531975730795
26.90092415426876
24.009472287635877
22.644284691094356
24.101402342152422
23.63526645002023
21.152729712678916
20.054236591393064
19.43568497542834
20.06919468591939
18.014070374083058
17.627042486171526
16.600185106362524
14.009700247904462
14.362701094838215
16.80528777170427
15.430837414748622
17.067335714518013
16.453639288790132
14.093648073969359
15.928017355970825
16.06244320748215
15.47540511951105
16.80043501263867
16.78747225350353
16.658238446989905
13.713129191102645
13.79979122130245
11.489613811665023
10.885028960747285
13.710823871697427
14.412109286086464
15.859455014083112
17.451690324032803
18.43226086452265
17.618579470711325
17.4629769743936
17.783627750372073
14.489785267125617
17.08877154812684
16.893199028516186
15.667805634211389
13.557627163729677
12.311877458748626
16.783579568356224
18.889152473166398
18.52011399454852
21.320892001635915
22.04717629492493
21.11529553877114
21.582753670757985
24.755165938594672
25.71322983252684
25.532214232806282
25.50898042701459
25.22455211904704
26.223295373139994
27.757458325597526
27.940529966051155
30.816029532129793
31.24060533736047
29.26513425336589
34.247016148985445
37.518425404910815
37.70781934050933
37.9707390757819
28.84303883790972
23.797096062486172
22.808648664464318
23.32663498181299
26.138100735877096
28.95746305298681
39.64360932690302
47.212507648340036
46.21248718301488
54.64444277000274
49.5853239387983
55.30597112651995
50.35470112936901
45.92337645308904
51.03065287250156
40.65994988203294
39.7210075333435
46.18838573721598
46.156715209378845
49.35833614515033
55.729113604169285
49.7133319391995
54.58792828321215
57.680132934058776
55.99286888278563
64.33033293405752
62.315218824013584
56.496352828658765
55.87812101624969
58.25814412143204
Rain_input
.10000277777520576
.10086672478887419
.1032708104152525
.10720761654521965
.1126649956674142
.1196261083509111
.12806947520540782
.1379690431585893
.14929426584616562
.16201019786652776
.1760776026091876
.1914530733242832
.20808916705957542
.22593455105165422
.24493416111964889
.2650293715726962
.2861581761068962
.30825537913357615
.3312527969484942
.35507946812125024
.3796618724557198
.404924157845885
.4307883743270623
.4571747146003433
.4840017602880695
.5111867331604962
.5386457505584509
.5662940842238471
.5940464217394005
.6218171297708427
.6495205182993643
.677071105028963
.7043838791528423
.7313745636649647
.7579598754073736
.7840577820508727
.8095877552161107
.8344710189540462
.8586307928190622
.881992528784705
.9044841412710162
.9260362295736695
.9465822920085897
.9660589311112782
.9844060492576784
1.0015670341029665
1.0174889332660757
1.0321226177209384
1.0454229333902882
1.0573488404742544
1.0678635400838348
1.0769345877885061
1.0845339937276002
1.090638308976548
1.0952286979014896
1.098290996278997
1.0998157550015686
1.0997982692340431
1.0982385929309588
1.0951415386700725
1.0905166628025422
1.084378235965604
1.0767451990487198
1.0676411047490786
1.0570940448967807
1.0451365637739567
1.0318055576952831
1.0171421611597564
1.0011916199250115
.9840031513958364
.9656297927576684
.9461282373236745
.9255586596003916
.9039845296117028
.8814724170540834
.8580917858874123
.8339147799951722
.8090160005754082
.7834722759493271
.7573624244978376
.7307670114574987
.703768100326336
.6764489996465758
.6488940059456394
.6211881436285902
.5934169026246168
.5656659745970812
.5380209885310998
.5105672465145163
.4833894605275644
.45657149105337524
.43019608831589273
.40434463694363176
.3790969048471473
.3545307970851016
.3307221154783866
.3077443247140514
.2856683256607614
.2645622365952246
.244491183014673
.22551709668393413
.20769852453716253
.19109044802390251
.17574411345689545
.1617068738851239
.14902204298001412
.13772876138564447
.12786187594535586
.11945183217742732
.11252458033159105
.1071014953162686
.10319931074359683
.10083006729576002
.10000107557194701
.10071489353057671
.10296931859639485
.10675739445679752
.1120674325264108
.11888304801369219
.12718321047827155
.1369423087230229
.1481302298206408
.16071245203087292
.1746501513216978
.1899003211657685
.20641590524247205
.22414594263613358
.24303572508234628
.2630269657772123
.28405797922862114
.306063871594608
.3289767409214799
.35272588666384974
.3772380278400782
.4024375291499731
.4282466343570428
.4545857062151595
.4813734721993159
.5085272752822413
.5359633289830763
.5635969759011161
.5913429489368839
.6191156343945179
.6468293361536106
.6743985400953856
.7017381779672952
.7287638898718208
.7553922845695719
.7815411967934661
.8071299407800078
.83207955923538
.8563130669681241
.8797556884366496
.9023350884785818
.9239815955100346
.9446284165060479
.964211843098884
.9826714481582324
.9999502722467254
1.0159949993754627
1.0307561215172123
1.0441880913696677
1.0562494628973877
1.0669030192187594
1.0761158874433787
1.0838596401054945
1.090110382880535
1.094848828314059
1.098060355335625
1.0997350543739475
1.0998677579341276
1.0984580565426094
1.095510300010662
1.0910335840124903
1.0850417220193833
1.07755320267651
1.0685911327538766
1.0581831658474716
1.0463614170506144
1.033162363858789
1.0186267336137316
1.0027993778340882
.9857291338204064
.9674686739614818
.9480743432070736
.9276059852084586
.9061267576633056
.8837029374346438
.8604037160452433
.8363009861784648
.8114691198443136
.7859847388952425
.7599264785997677
.7333747450034338
.7064114668258408
.6791198426592437
.6515840842488229
.623889156646728
.5961205160417059
.5683638460732612
.5407047934439939
.5132287036458982
.4860203576161044
.4591637101346089
.43274163077121763
.406835648181057
.3815256985376271
.3568898788796706
.33300420613291515
.3099423825502784
.2877755682942701
.26657216186335086
.24639758903974912
.22731410100995614
.20938058228085543
.1926523689841552
.17718107812977907
.16301444833507797
.15019619252131663
.13876586303194027
.1287587295888381
.12020567046317228
.11313307719658286
.1075627731667581
.10351194624865423
.10099309577914173
.10001399398872546
.1005776620193492
.10268236060228074
.10632159542484539
.11148413716944511
.11815405616303358
.12631077153012998
.1359291146977023
.14697940705597165
.15942755153550237
.1732351378180042
.1883595608562137
.2047541523371303
.22236832468297885
.2411477271455585
.2610344135123173
.2819670209066989
.30388095913102603
.32670860996769846
.3503795358237155
.3748206970747544
.39995667743812835
.4257099166792254
.45200094993339757
.4787486529048032
.5058704921856444
.5332827799234
.560900932050242
.588639729277822
.6164135800521369
.6441367846570506
.6717237996515574
.6990895018248612
.7261494508547586
.7528201498588969
.7790193030349211
.8046660695945513
.8296813132080088
.853987846189139
.8775106676677465
.9001771950142264
.9219174878024081
.9426644636195632
.9623541050576385
.9809256572470302
.9983218153233975
1.0144889012490357
1.0293770294432283
1.0429402607104887
1.0551367439917432
1.065928845501038
1.0752832648493347
1.0831711377970543
1.0895681253183247
1.094454488702112
1.097815150458502
1.0996397408421934
1.0999226298496543
1.0986629445912073
1.0958645719844413
1.0915361467606362
1.0856910248212122
1.0783472420264137
1.0695274585433898
1.0592588889253907
1.0475732181378392
1.034506503790375
1.020099064876554
1.0043953573645203
.9874438370225085
.969296809902466
.9500102709431442
.9296437311906556
.9082600341696392
.8859251619716537
Output_flow
.11123534094560208
.285060819660515
1.1434214212943437
1.3578693286385495
.3688876786218547
.5215926430390065
.8602841130476664
.5108389671653557
.32324883893257045
.769726617983698
.9903971552144832
