System_realization
5.000138888760288
4.934576759377172
4.603091071346468
6.133138189098135
5.903860107860137
7.443287117792965
8.04347387260003
8.74212503562712
12.238093589454305
12.135813665257228
15.796283513197935
17.89941581159812
26.981378271174385
28.460780558781195
28.268693763216653
34.45323303644184
36.80861221231532
34.19938657234686
37.1583407226006
38.128185857991454
54.52797696422095
53.73991549614692
51.40501011501929
59.63758370853228
47.63786667168949
56.59399429474944
97.6364696499863
76.86766842443441
61.788254163518026
72.77523841621021
61.151269835175455
43.95168712577938
35.447010410610176
32.33098453609127
33.22199731790131
29.68605459984965
24.32261945339175
26.151834479735847
23.644811869202076
17.22986110136592
18.13979452392352
15.638795417359894
11.78721029897658
14.993921787292335
14.170434613859175
19.79307460351611
14.677471683593055
18.288098429242748
16.578418901919747
25.795160645452924
25.777972310314283
28.8187108644261
29.30720279016896
33.912189596793425
35.35985007056432
36.79788305597962
39.227556970726425
42.60250024749847
37.82146219320789
36.532593299842546
40.13659534526395
47.324333665903794
51.418317659769755
56.85376891430404
53.15966135508422
41.89495392726327
32.46482408913056
37.12019668182162
28.74951659697503
24.009472287635877
23.63526645002023
19.43568497542834
17.627042486171526
14.362701094838215
17.067335714518013
15.928017355970825
16.80043501263867
13.713129191102645
10.885028960747285
15.859455014083112
17.618579470711325
14.489785267125617
15.667805634211389
16.783579568356224
21.320892001635915
21.582753670757985
25.532214232806282
26.223295373139994
30.816029532129793
34.247016148985445
37.9707390757819
22.808648664464318
28.95746305298681
46.21248718301488
55.30597112651995
51.03065287250156
46.18838573721598
55.729113604169285
57.680132934058776
62.315218824013584
58.25814412143204
Rain_input
.10000277777520576
.10720761654521965
.12806947520540782
.16201019786652776
.20808916705957542
.2650293715726962
.3312527969484942
.404924157845885
.4840017602880695
.5662940842238471
.6495205182993643
.7313745636649647
.8095877552161107
.881992528784705
.9465822920085897
1.0015670341029665
1.0454229333902882
1.0769345877885061
1.0952286979014896
1.0997982692340431
1.0905166628025422
1.0676411047490786
1.0318055576952831
.9840031513958364
.9255586596003916
.8580917858874123
.7834722759493271
.703768100326336
.6211881436285902
.5380209885310998
.45657149105337524
.3790969048471473
.3077443247140514
.244491183014673
.19109044802390251
.14902204298001412
.11945183217742732
.10319931074359683
.10071489353057671
.1120674325264108
.1369423087230229
.1746501513216978
.22414594263613358
.28405797922862114
.35272588666384974
.4282466343570428
.5085272752822413
.5913429489368839
.6743985400953856
.7553922845695719
.83207955923538
.9023350884785818
.964211843098884
1.0159949993754627
1.0562494628973877
1.0838596401054945
1.098060355335625
1.0984580565426094
1.0850417220193833
1.0581831658474716
1.0186267336137316
.9674686739614818
.9061267576633056
.8363009861784648
.7599264785997677
.6791198426592437
.5961205160417059
.5132287036458982
.43274163077121763
.3568898788796706
.2877755682942701
.22731410100995614
.17718107812977907
.13876586303194027
.11313307719658286
.10099309577914173
.10268236060228074
.11815405616303358
.14697940705597165
.1883595608562137
.2411477271455585
.30388095913102603
.3748206970747544
.45200094993339757
.5332827799234
.6164135800521369
.6990895018248612
.7790193030349211
.853987846189139
.9219174878024081
.9809256572470302
1.0293770294432283
1.065928845501038
1.0895681253183247
1.0996397408421934
1.0958645719844413
1.0783472420264137
1.0475732181378392
1.0043953573645203
.9500102709431442
.8859251619716537
Output_flow
.11123534094560208
.285060819660515
1.1434214212943437
1.3578693286385495
.3688876786218547
.5215926430390065
.8602841130476664
.5108389671653557
.32324883893257045
.769726617983698
.9903971552144832
