0.1663
0.164
0.1595
0.1595
0.1584
0.1584
0.1573
0.1539
0.155
0.155
0.1562
0.155
0.155
0.1562
0.155
0.155
0.155
0.1528
0.1573
0.1438
0.1629
0.1449
0.1528
0.1629
0.1483
0.1483
0.1427
0.1449
0.1483
0.1505
0.1438
0.1461
0.1449
0.1449
0.1427
0.1438
0.1449
0.1461
0.1449
0.1449
0.1472
0.1416
0.1393
0.1382
0.1404
0.1416
0.1337
0.1348
0.1393
0.1416
0.1416
0.1382
0.1337
0.1359
0.1326
0.1337
0.1314
0.1337
0.1314
0.1371
0.1483
0.1427
0.1382
0.1348
0.1359
0.1371
0.1303
0.1292
0.1202
0.1258
0.1371
0.1247
0.1326
0.1337
0.1202
0.127
0.1258
0.1258
0.1225
0.1225
0.1191
0.1157
0.1213
0.1225
0.1213
0.1191
0.1303
0.1292
0.1202
0.1236
0.1202
0.1191
0.118
0.118
0.1202
0.1146
0.1281
0.1416
0.1191
0.127
0.1292
0.1225
0.1191
0.118
0.1191
0.1124
0.109
0.109
0.1045
0.1034
0.1045
0.1034
0.1022
0.1045
0.1022
0.1056
0.1011
0.1
0.0989
0.1348
0.1595
0.1191
0.1022
0.1067
0.1067
0.109
0.1034
0.1045
0.1
0.0966
0.0966
0.0966
0.1
0.1022
0.1
0.0955
0.0899
0.0899
0.0888
0.0854
0.0888
0.0899
0.0876
0.0876
0.0843
0.0809
0.082
0.0843
0.0944
0.0966
0.0888
0.0831
0.0831
0.0865
0.1
0.1146
0.1
0.0944
0.1079
0.1618
0.1157
0.1011
0.0944
0.0888
0.0888
0.0854
0.0854
0.0865
0.0865
0.082
0.0798
0.082
0.0775
0.0865
0.1034
0.1
0.118
0.0989
0.1022
0.0921
0.0921
0.091
0.0888
0.0888
0.0865
0.0831
0.0786
0.0809
0.0764
0.0764
0.0753
0.0775
0.0933
0.0944
0.0865
0.082
0.0809
0.0831
0.0798
0.0742
0.0742
0.073
0.0697
0.0708
0.0719
0.0742
0.0831
0.0899
0.0742
0.0764
0.0775
0.0753
0.073
0.0708
0.0708
0.0719
0.0719
0.073
0.0719
0.0719
0.0708
0.0697
0.0719
0.0719
0.0708
0.0708
0.0753
0.0764
0.1034
0.0775
0.0719
0.0753
0.0742
0.0719
0.073
0.082
0.1663
0.4404
0.7584
0.2269
0.1528
0.1258
0.2404
0.819
0.5943
0.3539
0.2562
0.2191
0.1955
0.1831
0.1663
0.1573
0.155
0.1438
0.1382
0.1359
0.1348
0.1337
0.1618
0.1562
0.1348
0.1337
0.7707
0.7707
0.837
0.4179
0.2123
0.173
0.5943
0.3797
0.2371
0.173
0.1461
0.1348
0.1314
0.1314
0.1314
0.1348
0.127
0.1258
0.1247
0.1258
0.1225
0.1202
0.1168
0.1135
0.1157
0.1168
0.1157
0.1157
0.1135
0.1157
0.1146
0.1112
0.1112
0.1124
0.1146
0.1101
0.1168
0.1112
0.1124
0.1135
0.1112
0.1112
0.1124
0.1168
0.1101
0.1112
0.109
0.109
0.1079
0.118
0.1157
0.1079
0.1079
0.1056
0.1056
0.1067
0.1079
0.1067
0.1056
0.109
0.1067
0.1034
0.0989
0.1
0.1011
0.1
0.1348
0.1472
0.1124
0.1011
0.1034
0.1135
0.127
0.1135
0.1056
0.1034
0.1112
0.1157
0.1124
0.1067
0.1034
0.1034
0.1067
0.1079
0.1056
0.1056
0.1056
0.1112
0.1764
0.1505
0.1247
0.1112
0.1168
0.1382
0.1382
0.1393
0.1348
0.1303
0.1303
0.1292
0.1281
0.1281
0.1404
0.1359
0.1303
0.127
0.127
0.1281
0.1236
0.1191
0.1191
0.127
0.1292
0.127
0.1236
0.1236
0.1247
0.1225
0.1225
0.1213
0.1213
0.1236
0.1236
0.1281
0.1314
0.1326
0.1292
0.127
0.1281
0.1281
0.1258
0.1225
0.118
0.1135
0.118
0.1157
0.1191
0.1168
0.1191
0.1168
0.118
0.1168
0.1191
0.1191
0.1168
0.1146
0.1371
0.2292
0.2191
0.1854
0.1719
0.1685
0.1652
0.164
0.1719
0.1719
0.191
0.2078
0.2146
0.218
0.2168
0.2236
0.2225
0.2269
0.2292
0.2225
0.2281
0.2269
0.2303
0.2213
0.2157
0.2157
0.2168
0.2202
0.2314
0.2326
0.2303
0.2483
0.2629
0.2741
0.2685
0.264
0.2595
0.255
0.2517
0.2472
0.246
0.2438
0.2494
0.255
0.2517
0.2517
0.2472
0.2416
0.2449
0.2708
0.6415
1.0538
4.7861
4.4154
2.247
1.4718
1.1684
1.0527
0.9673
0.9168
0.8381
0.773
0.7303
0.6853
0.6381
0.6011
0.5797
0.5629
0.5528
0.5202
0.491
0.4561
1.0269
1.5841
1.8987
1.3482
0.9954
0.8707
0.7842
0.7202
0.6584
0.6101
0.5696
0.5337
0.5123
0.4966
0.5179
0.5471
0.5168
0.5123
0.6348
0.4865
0.4449
0.5067
0.6415
0.5
0.4393
0.5303
0.6932
0.6157
0.5134
0.6921
0.9988
0.8966
0.7752
0.8584
2.5279
1.146
0.9685
0.8819
0.8269
0.7707
0.7303
0.6808
0.7505
3.7637
7.2803
2.7975
9.7295
6.5388
3.3256
2.4043
2.0335
1.91
1.7302
1.5729
1.4156
1.292
1.2021
2.1347
8.3813
21.2342
8.3588
4.7749
3.6401
3.157
2.6852
2.3594
2.1009
1.9212
1.7639
1.6291
1.5167
1.4156
1.3257
1.2583
1.1909
1.146
1.0932
1.0482
1.01
0.9662
0.9392
0.9123
0.8853
0.8527
0.8157
0.7921
0.773
0.7539
0.7381
0.719
0.7134
0.7089
0.6842
0.6685
0.6539
0.6438
0.6337
0.628
0.6101
0.646
0.6146
0.5876
0.5662
0.5123
0.4797
0.5831
0.6505
0.6741
0.5786
0.5123
0.4797
0.4651
0.4528
0.4382
0.4236
0.4101
0.3932
0.3865
0.3831
0.3708
0.3651
0.364
0.3606
0.3584
0.3561
0.3528
0.3483
0.3404
0.3348
0.3292
0.3258
0.3236
0.3427
0.3359
0.3146
0.318
0.3247
0.3258
0.3269
0.3146
0.3247
0.3191
0.309
0.3078
0.2966
0.2932
0.2899
0.291
0.2932
0.2955
0.3101
0.3112
0.318
0.3135
0.3056
0.2921
0.282
0.2865
0.2842
0.2798
0.273
0.264
0.264
0.264
0.2685
0.2921
0.3314
0.3303
0.3764
0.5651
0.7224
0.7303
0.3988
0.3404
0.3168
0.309
0.2966
0.2854
0.2831
0.2753
0.2764
0.2764
0.2764
0.273
0.2618
0.2505
0.2472
0.2528
0.2663
0.2674
0.2618
0.2494
0.2449
0.246
0.2528
0.2494
0.2371
0.2326
0.2404
0.264
0.2573
0.4224
0.3483
0.2955
0.2696
0.2618
0.2494
0.2483
0.2472
0.2483
0.2449
0.2371
0.2348
0.2314
0.2337
0.2404
0.2404
0.2505
0.2944
0.2505
0.2404
0.2404
0.2472
0.2416
0.2404
0.2348
0.2371
0.2438
0.2427
0.2326
0.2269
0.218
0.2191
0.2191
0.2191
0.218
0.2112
0.2135
0.2146
0.2337
0.5382
0.6943
0.5618
0.8595
0.4449
0.3584
0.4472
0.3865
0.3337
0.3112
0.309