System_realization
0
0
0
0
0
0
0
0
0
0
0
0
0
0
0
0
0
0
0
0
0
0
0
0
0
0
0
0
0
0
0
0
0
0
0
0
0
0
0
0
0
0
0
0
0
0
0
0
0
0
0
0
0
0
0
0
0
0
0
0
0
0
0
0
0
0
0
0
0
0
0
0
0
0
0
0
0
0
0
0
0
0
0
0
0
0
0
0
0
0
0
0
0
0
0
0
0
0
0
0
0
0
0
0
0
0
0
0
0
0
0
0
0
0
0
0
0
0
0
0
0
0
0
0
0
0
0
0
0
0
0
0
0
0
0
0
0
0
0
0
0
0
0
0
0
0
0
0
0
0
0
0
0
0
0
0
0
0
0
0
0
0
0
0
0
0
0
0
0
0
0
0
0
0
0
0
0
0
0
0
0
0
0
0
0
0
0
0
0
0
0
0
0
0
0
0
0
0
0
0
0
Rain_input
.10000277777520576
.10187660272221684
.10720761654521965
.11595881973407801
.12806947520540782
.14345552984384588
.16201019786652776
.18360470196197554
.20808916705957542
.23529366052650458
.2650293715726962
.29708992167826864
.3312527969484942
.3672808924551535
.404924157845885
.44392133280030166
.4840017602880695
.5248872650441573
.5662940842238471
.6079348368379295
.6495205182993643
.6907625062384035
.7313745636649647
.771074825575449
.8095877552161107
.8466460564256708
.881992528784705
.9153818526962761
.9465822920085897
.9753773023627456
1.0015670341029665
1.0249697193184661
1.0454229333902882
1.0627847222874571
1.0769345877885061
1.0877743237905415
1.0952286979014896
1.099245973584993
1.0997982692340431
1.0968817516812261
1.0905166628025422
1.0807471790301495
1.0676411047490786
1.0512894017058771
1.0318055576952831
1.0093247989065162
.9840031513958364
.9560163581991551
.9255586596003916
.8928414450210413
.8580917858874123
.8215508596580577
.7834722759493271
.7441203163764407
.703768100326336
.6626956893926111
.6211881436285902
.5795335431089494
.5380209885310998
.4969385947330208
.45657149105337524
.41719984241226027
.3790969048471473
.34252712899940796
.3077443247140514
.2749898994911242
.244491183014673
.21645984938776358
.19109044802390251
.16855905339111282
.14902204298001412
.13261501197732556
.11945183217742732
.10962386166352847
.10319931074359683
.10022276854172266
.10071489353057671
.10467227015279625
.1120674325264108
.12284905506977944
.1369423087230229
.15424938029362154
.1746501513216978
.19800303175337142
.22414594263613358
.2528974410159213
.28405797922862114
.3174112898459876
.35272588666384974
.3897566713151256
.4282466343570428
.46792863902631565
.5085272752822413
.5497607712698702
.5913429489368839
.6329852102313646
.6743985400953856
.7152955123528113
.7553922845695719
.7944105680412439
.83207955923538
.868137819283542
.9023350884785818
.9344340231837707
.964211843098884
.9914618774505264
1.0159949993754627
1.0376409385417324
1.0562494628973877
1.0716914213450246
1.0838596401054945
1.0926696665496514
1.098060355335625
1.099994292783579
1.0984580565426094
1.0934623087475848
1.0850417220193833
1.0732547388221112
1.0581831658474716
1.0399316062414246
1.0186267336137316
.9944164128690626
.9674686739614818
.9379705456948839
.9061267576633056
.8721583193402129
.8363009861784648
.7988036233669003
.7599264785997677
.719939375846696
.6791198426592437
.6377511840113
.5961205160417059
.5545167733457642
.5132287036458982
.4725428637592658
.43274163077121763
.39410124221785026
.3568898788796706
.321365803492571
.2877755682942701
.25635230384659946
.22731410100995614
.20086249729969125
.17718107812977907
.1564342026517243
.13876586303194027
.12429868508468121
.11313307719658286
.10534653344962476
.10099309577914173
.10010297889973839
.10268236060228074
.108713338877392
.11815405616303358
.13093898985384456
.14697940705597165
.1661639804312091
.1883595608562137
.2134121015342279
.2411477271455585
.2713739406164775
.30388095913102603
.33844317011325886
.3748206970747544
.4127610644597913
.45200094993339757
.49226801195069547
.5332827799234
.5747605938649295
.6164135800521369
.6579526489917694
.6990895018248612
.7395386312438197
.7790193030349211
.8172575044935276
.853987846189139
.8889554038812681
.9219174878024081
.9526453270285592
.9809256572470302
1.0065622009017487
1.0293770294432283
1.0492117982286122
1.065928845501038
1.0794121478209633
1.0895681253183247
1.0963262911767626
1.0996397408421934
1.0994854775604248
1.0958645719844413
1.0888021547436142
1.0783472420264137
1.0645723953871524
1.0475732181378392
1.0274676918204162
1.0043953573645203
.9785163466139071
.9500102709431442
.9190749746780462
.8859251619716537
Output_flow
.09492223887706366
.26740655170805644
.8061969309028428
.6775028949542823
.45774410975227875
.7446892109099876
1.3640718717539122
.5341626147367269
.1615977040117586
.8081239820359791
.7469417625065624
