System_realization
0
0
0
0
0
0
0
0
0
0
0
0
0
0
0
0
0
0
0
0
0
0
0
0
0
0
0
0
0
0
0
0
0
0
0
0
0
0
0
0
0
0
0
0
0
0
0
0
0
0
0
0
0
0
0
0
0
0
0
0
0
0
0
0
0
0
0
0
0
0
0
0
0
0
0
0
0
0
0
0
0
0
0
0
0
0
0
0
0
0
0
0
0
0
0
0
0
0
0
0
0
0
0
0
0
0
0
0
0
0
0
0
0
0
0
0
0
0
0
0
0
0
0
0
0
0
0
0
0
0
0
0
0
0
0
0
0
0
0
0
0
0
0
0
0
0
0
0
0
0
0
0
0
0
0
0
0
0
0
0
0
0
0
0
0
0
0
0
0
0
0
0
0
0
0
0
0
0
0
0
0
0
0
0
0
0
0
0
0
0
0
0
0
0
0
0
0
0
0
0
0
0
0
0
0
0
0
0
0
0
0
0
0
0
0
0
0
0
0
0
0
0
0
0
0
0
0
0
0
0
0
0
0
0
0
0
0
0
0
0
0
0
0
0
0
0
0
0
0
0
0
0
0
0
0
0
0
0
0
0
0
0
0
0
0
0
0
0
0
0
0
0
0
0
0
0
0
0
0
0
0
0
0
0
0
0
0
0
0
0
0
0
0
0
0
0
0
0
0
0
0
Rain_input
.10000277777520576
.10086672478887419
.1032708104152525
.10720761654521965
.1126649956674142
.1196261083509111
.12806947520540782
.1379690431585893
.14929426584616562
.16201019786652776
.1760776026091876
.1914530733242832
.20808916705957542
.22593455105165422
.24493416111964889
.2650293715726962
.2861581761068962
.30825537913357615
.3312527969484942
.35507946812125024
.3796618724557198
.404924157845885
.4307883743270623
.4571747146003433
.4840017602880695
.5111867331604962
.5386457505584509
.5662940842238471
.5940464217394005
.6218171297708427
.6495205182993643
.677071105028963
.7043838791528423
.7313745636649647
.7579598754073736
.7840577820508727
.8095877552161107
.8344710189540462
.8586307928190622
.881992528784705
.9044841412710162
.9260362295736695
.9465822920085897
.9660589311112782
.9844060492576784
1.0015670341029665
1.0174889332660757
1.0321226177209384
1.0454229333902882
1.0573488404742544
1.0678635400838348
1.0769345877885061
1.0845339937276002
1.090638308976548
1.0952286979014896
1.098290996278997
1.0998157550015686
1.0997982692340431
1.0982385929309588
1.0951415386700725
1.0905166628025422
1.084378235965604
1.0767451990487198
1.0676411047490786
1.0570940448967807
1.0451365637739567
1.0318055576952831
1.0171421611597564
1.0011916199250115
.9840031513958364
.9656297927576684
.9461282373236745
.9255586596003916
.9039845296117028
.8814724170540834
.8580917858874123
.8339147799951722
.8090160005754082
.7834722759493271
.7573624244978376
.7307670114574987
.703768100326336
.6764489996465758
.6488940059456394
.6211881436285902
.5934169026246168
.5656659745970812
.5380209885310998
.5105672465145163
.4833894605275644
.45657149105337524
.43019608831589273
.40434463694363176
.3790969048471473
.3545307970851016
.3307221154783866
.3077443247140514
.2856683256607614
.2645622365952246
.244491183014673
.22551709668393413
.20769852453716253
.19109044802390251
.17574411345689545
.1617068738851239
.14902204298001412
.13772876138564447
.12786187594535586
.11945183217742732
.11252458033159105
.1071014953162686
.10319931074359683
.10083006729576002
.10000107557194701
.10071489353057671
.10296931859639485
.10675739445679752
.1120674325264108
.11888304801369219
.12718321047827155
.1369423087230229
.1481302298206408
.16071245203087292
.1746501513216978
.1899003211657685
.20641590524247205
.22414594263613358
.24303572508234628
.2630269657772123
.28405797922862114
.306063871594608
.3289767409214799
.35272588666384974
.3772380278400782
.4024375291499731
.4282466343570428
.4545857062151595
.4813734721993159
.5085272752822413
.5359633289830763
.5635969759011161
.5913429489368839
.6191156343945179
.6468293361536106
.6743985400953856
.7017381779672952
.7287638898718208
.7553922845695719
.7815411967934661
.8071299407800078
.83207955923538
.8563130669681241
.8797556884366496
.9023350884785818
.9239815955100346
.9446284165060479
.964211843098884
.9826714481582324
.9999502722467254
1.0159949993754627
1.0307561215172123
1.0441880913696677
1.0562494628973877
1.0669030192187594
1.0761158874433787
1.0838596401054945
1.090110382880535
1.094848828314059
1.098060355335625
1.0997350543739475
1.0998677579341276
1.0984580565426094
1.095510300010662
1.0910335840124903
1.0850417220193833
1.07755320267651
1.0685911327538766
1.0581831658474716
1.0463614170506144
1.033162363858789
1.0186267336137316
1.0027993778340882
.9857291338204064
.9674686739614818
.9480743432070736
.9276059852084586
.9061267576633056
.8837029374346438
.8604037160452433
.8363009861784648
.8114691198443136
.7859847388952425
.7599264785997677
.7333747450034338
.7064114668258408
.6791198426592437
.6515840842488229
.623889156646728
.5961205160417059
.5683638460732612
.5407047934439939
.5132287036458982
.4860203576161044
.4591637101346089
.43274163077121763
.406835648181057
.3815256985376271
.3568898788796706
.33300420613291515
.3099423825502784
.2877755682942701
.26657216186335086
.24639758903974912
.22731410100995614
.20938058228085543
.1926523689841552
.17718107812977907
.16301444833507797
.15019619252131663
.13876586303194027
.1287587295888381
.12020567046317228
.11313307719658286
.1075627731667581
.10351194624865423
.10099309577914173
.10001399398872546
.1005776620193492
.10268236060228074
.10632159542484539
.11148413716944511
.11815405616303358
.12631077153012998
.1359291146977023
.14697940705597165
.15942755153550237
.1732351378180042
.1883595608562137
.2047541523371303
.22236832468297885
.2411477271455585
.2610344135123173
.2819670209066989
.30388095913102603
.32670860996769846
.3503795358237155
.3748206970747544
.39995667743812835
.4257099166792254
.45200094993339757
.4787486529048032
.5058704921856444
.5332827799234
.560900932050242
.588639729277822
.6164135800521369
.6441367846570506
.6717237996515574
.6990895018248612
.7261494508547586
.7528201498588969
.7790193030349211
.8046660695945513
.8296813132080088
.853987846189139
.8775106676677465
.9001771950142264
.9219174878024081
.9426644636195632
.9623541050576385
.9809256572470302
.9983218153233975
1.0144889012490357
1.0293770294432283
1.0429402607104887
1.0551367439917432
1.065928845501038
1.0752832648493347
1.0831711377970543
1.0895681253183247
1.094454488702112
1.097815150458502
1.0996397408421934
1.0999226298496543
1.0986629445912073
1.0958645719844413
1.0915361467606362
1.0856910248212122
1.0783472420264137
1.0695274585433898
1.0592588889253907
1.0475732181378392
1.034506503790375
1.020099064876554
1.0043953573645203
.9874438370225085
.969296809902466
.9500102709431442
.9296437311906556
.9082600341696392
.8859251619716537
Output_flow
.09492223887706366
.26740655170805644
.8061969309028428
.6775028949542823
.45774410975227875
.7446892109099876
1.3640718717539122
.5341626147367269
.1615977040117586
.8081239820359791
.7469417625065624
