System_realization
0
0
0
0
0
0
0
0
0
0
0
0
0
0
0
0
0
0
0
0
0
0
0
0
0
0
0
0
0
0
0
0
0
0
0
0
0
0
0
0
0
0
0
0
0
0
0
0
0
0
0
0
0
0
0
0
0
0
0
0
0
0
0
0
0
0
0
0
0
0
0
0
0
0
0
0
0
0
0
0
0
0
0
0
0
0
0
0
0
0
0
0
0
0
0
0
0
0
0
0
0
0
0
0
0
0
0
0
0
0
0
0
0
0
0
0
0
0
0
0
0
0
0
0
0
0
0
0
0
0
0
0
0
0
0
0
0
0
0
0
0
0
0
0
0
0
0
0
0
0
0
0
0
0
0
0
0
0
0
0
0
0
0
0
0
0
0
0
0
0
0
0
0
0
0
0
0
0
0
0
0
0
0
0
0
0
0
0
0
0
0
0
0
0
0
0
0
0
0
0
0
0
0
0
0
0
0
0
0
0
0
0
0
0
0
0
0
0
0
0
0
0
0
0
0
0
0
0
0
0
0
0
0
0
0
0
0
0
0
0
0
0
0
0
0
0
0
0
0
0
0
0
0
0
0
0
0
0
0
0
0
0
0
0
0
0
0
0
0
0
0
0
0
0
0
0
0
0
0
0
0
0
0
0
0
0
0
0
0
0
0
0
0
0
0
0
0
0
0
0
0
0
0
0
0
0
0
0
0
0
0
0
0
0
0
0
0
0
0
0
0
0
0
0
0
0
0
0
0
0
0
0
0
0
0
0
0
0
0
0
0
0
0
0
0
0
0
0
0
0
0
0
0
0
0
0
0
0
0
0
0
0
0
0
0
0
0
0
0
0
0
0
0
0
0
0
0
0
0
0
0
0
0
0
0
0
0
0
0
0
0
0
0
0
0
0
0
0
0
0
0
Rain_input
.10000277777520576
.1005061645760788
.10187660272221684
.1041117133249251
.10720761654521965
.11115893832868463
.11595881973407801
.12159892883949305
.12806947520540782
.13535922686951707
.14345552984384588
.15234433008030054
.16201019786652776
.1724363546097346
.18360470196197554
.19549585323634988
.20808916705957542
.22136278320252123
.23529366052650458
.24985761697948017
.2650293715726962
.2807825882649503
.29708992167826864
.31392306456565233
.3312527969484942
.3490490368383693
.3672808924551535
.3859167158508282
.404924157845885
.42427022418297156
.44392133280030166
.46384337212541105
.4840017602880695
.5043615051495653
.5248872650441573
.5455434101272563
.5662940842238471
.5871032670697846
.6079348368379295
.6287526328405804
.6495205182993643
.6702024430736214
.6907625062384035
.7111650184034479
.7313745636649647
.751356061082682
.771074825575449
.7904966281296761
.8095877552161107
.8283150673118018
.8466460564256708
.8645489025278313
.881992528784705
.8989466555040518
.9153818526962761
.9312695911607657
.9465822920085897
.9612933745355865
.9753773023627456
.9888096277637815
1.0015670341029665
1.0136273763095434
1.0249697193184661
1.0355743744107415
1.0454229333902882
1.0544983005379878
1.0627847222874571
1.0702678145710343
1.0769345877885061
1.0827734693552342
1.0877743237905415
1.0919284703114869
1.0952286979014896
1.097669277827643
1.099245973584993
1.0999560482505182
1.0997982692340431
1.0987729104178439
1.0968817516812261
1.0941280758109042
1.0905166628025422
1.0860537815633526
1.0807471790301495
1.074606066721752
1.0676411047490786
1.0598643833106856
1.0512894017058771
1.0419310449018118
1.0318055576952831
1.0209305165140297
1.0093247989065162
.997008550773153
.9840031513958364
.970331176326507
.9560163581991551
.9410835455332899
.9255586596003916
.9094686494282126
.8928414450210413
.8757059088771243
.8580917858874123
.840029651702596
.8215508596580577
.8026874863488713
.7834722759493271
.7639385833736301
.7441203163764407
.72405187669376
.703768100326336
.6833041970692431
.6626956893926111
.6419783507795888
.6211881436285902
.600361156827607
.5795335431089494
.5587414562931718
.5380209885310998
.517408107652911
.4969385947330208
.4766479819791474
.45657149105337524
.43674397193228165
.41719984241226027
.397973028365045
.3790969048471473
.36060423816543485
.34252712899940796
.3248969566789204
.3077443247140514
.291099007671705
.2749898994911242
.25944496332806566
.244491183014673
.23015451621932687
.21645984938776358
.2034309545436955
.19109044802390251
.17945975121944246
.16855905339111282
.15840727662372583
.14902204298001412
.14041964391120199
.13261501197732556
.1256216949264003
.11945183217742732
.11411613374806341
.10962386166352847
.10598281387902875
.10319931074359683
.10127818402885244
.10022276854172266
.10003489633568455
.10071489353057671
.10226157974650087
.10467227015279625
.1079427801285295
.1120674325264108
.1170390675275257
.12284905506977944
.12948730982847434
.1369423087230229
.14520111091940055
.15424938029362154
.16407141031724293
.1746501513216978
.1859672400941324
.19800303175337142
.2107366338506807
.22414594263613358
.238207681427622
.2528974410159213
.26818972203565394
.28405797922862114
.30047466752265106
.3174112898459876
.33483844659421336
.35272588666384974
.3710425599640338
.3897566713151256
.40883573564069087
.4282466343570428
.4479556728624635
.46792863902631565
.4881308625765106
.5085272752822413
.5290824718275255
.5497607712698702
.5705262789773948
.5913429489368839
.6121746463246178
.6329852102313646
.6537385164326573
.6743985400953856
.6949294183118637
.7152955123528113
.7354614695312022
.7553922845695719
.7750533603642819
.7944105680412439
.8134303061988666
.83207955923538
.8503259546593007
.868137819283542
.8854842342056277
.9023350884785818
.9186611313793129
.9344340231837707
.9496263843607428
.964211843098884
.9781650810844855
.9914618774505264
1.0040791508207014
1.0159949993754627
1.0271887388705079
1.0376409385417324
1.0473334548343145
1.0562494628973877
1.0643734857896205
1.0716914213450246
1.0781905666523368
1.0838596401054945
1.088688800986925
1.0926696665496514
1.095795326568568
1.098060355335625
1.099460821078094
1.099994292783579
1.0996598444199106
1.0984580565426094
1.0963910152871226
1.0934623087475848
1.0896770207483897
1.0850417220193833
1.0795644587899942
1.0732547388221112
1.0661235149059343
1.0581831658474716
1.049447474980658
1.0399316062414246
1.0296520778452254
1.0186267336137316
1.006874712000451
.9944164128690626
.981273462082097
.9674686739614818
.9530260116860613
.9379705456948839
.922328410168422
.9061267576633056
.8893937119792764
.8721583193402129
.8544504979739587
.8363009861784648
.8177412889644062
.7988036233669003
.7795208625212491
.7599264785997677
.7400544847087952
.719939375846696
.699616069025376
.6791198426592437
.6584862753268179
.6377511840113
.6169505619273102
.5961205160417059
.5752972043969382
.5545167733457642
.5338152948062346
.5132287036458982
.49279273530389944
.4725428637592658
.4525142399530526
.43274163077121763
.4132593586941927
.39410124221785026
.3753005371493421
.3568898788796706
.33890122573321607
.321365803492571
.30431405119494503
.2877755682942701
.27177906328067747
.25635230384659946
.24152206868592618
.22731410100995614
.213753063860779
.20086249729969125
.18866477754494765
.17718107812977907
.16643133314810105
.1564342026517243
.147207040259114
.13876586303194027
.13112532367169943
.12429868508468121
.11829779735941527
.11313307719658286
.10881348982707745
.10534653344962476
.10273822621495551
.10099309577914173
.10011417144421797
.10010297889973839
.1009595375743926
.10268236060228074
.10526845740390386
.108713338877392
.11301102519095459
.11815405616303358
.12413350421213162
.13093898985384456
.1385586997181917
.14697940705597165
.15618649469854928
.1661639804312091
.17689454473604455
.1883595608562137
.2005391271293846
.2134121015342279
.226956138390008
.2411477271455585
.25596223319029865
.2713739406164775
.2873560968583764
.30388095913102603
.3209198425877947
.33844317011325886
.3564205236649367
.3748206970747544
.39361175021857764
.4127610644597913
.43223539927069643
.45200094993339757
.47202340622006767
.49226801195069547
.5126996253249441
.5332827799234
.5539817462723076
.5747605938649295
.5955832535318759
.6164135800521369
.6372154148961139
.6579526489917694
.6785892854049167
.6990895018248612
.7194177127469099
.7395386312438197
.7594173302189754
.7790193030349211
.7983105234120662
.8172575044935276
.8358273569736301
.853987846189139
.8717074480741112
.8889554038812681
.9057017735748637
.9219174878024081
.937574398354973
.9526453270285592
.967104112801638
.9809256572470302
.994085968099256
1.0065622009017487
1.0183326986616317
1.0293770294432283
1.0396760218350352
1.0492117982286122
1.0579678058516035
1.065928845501038
1.0730810979270087
1.0794121478209633
1.0849110053669335
1.0895681253183247
1.0933754235671194
1.0963262911767626
1.0984156058543457
1.0996397408421934
1.0999965712134034
1.0994854775604248
1.0981073470702618
1.0958645719844413
1.0927610454464158
1.0888021547436142
1.0839947719558614
1.0783472420264137
1.0718693682763045
1.0645723953871524
1.0564689898819661
1.0475732181378392
1.0379005219686868
1.0274676918204162
1.0162928376250708
1.0043953573645203
.9917959033982793
.9785163466139071
.9645797384622097
.9500102709431442
.9348332346119025
.9190749746780462
.902762845273907
.8859251619716537
Output_flow
.09492223887706366
.26740655170805644
.8061969309028428
.6775028949542823
.45774410975227875
.7446892109099876
1.3640718717539122
.5341626147367269
.1615977040117586
.8081239820359791
.7469417625065624
