System_realization
0
0
0
0
0
0
0
0
0
0
0
0
0
0
0
0
0
0
0
0
0
0
0
0
0
0
0
0
0
0
0
0
0
0
0
0
0
0
0
0
0
0
0
0
0
0
0
0
0
0
0
0
0
0
0
0
0
0
0
0
0
0
0
0
0
0
0
0
0
0
0
0
0
0
0
0
0
0
0
0
0
0
0
0
0
0
0
0
0
0
0
0
0
0
0
0
0
0
0
0
0
0
0
0
0
0
0
0
0
0
0
0
0
0
0
0
0
0
0
0
0
0
0
0
0
0
0
0
0
0
0
0
0
0
0
0
0
0
0
0
0
0
0
0
0
0
0
0
0
0
0
0
0
0
0
0
0
0
0
0
0
0
0
0
0
0
0
0
0
0
0
0
0
0
0
0
0
0
0
0
0
0
0
0
0
0
0
0
0
0
0
0
0
0
0
0
0
0
0
0
0
0
0
0
0
0
0
0
0
0
0
0
0
0
0
0
0
0
0
0
0
0
0
0
0
0
0
0
0
0
0
0
0
0
0
0
0
0
0
0
0
0
0
0
0
0
0
0
0
0
0
0
0
0
0
0
0
0
0
0
0
0
0
0
0
0
0
0
0
0
0
0
0
0
0
0
0
0
0
0
0
0
0
0
0
0
0
0
0
0
0
0
0
0
0
0
0
0
0
0
0
0
0
0
0
0
0
0
0
0
0
0
0
0
0
0
0
0
0
0
0
0
0
0
0
0
0
0
0
0
0
0
0
0
0
0
0
0
0
0
0
0
0
0
0
0
0
0
0
0
0
0
0
0
0
0
0
0
0
0
0
0
0
0
0
0
0
0
0
0
0
0
0
0
0
0
0
0
0
0
0
0
0
0
0
0
0
0
0
0
0
0
0
0
0
0
0
0
0
0
0
0
0
0
0
0
0
0
0
0
0
0
0
0
0
0
0
0
0
0
0
0
0
0
0
0
0
0
0
0
0
0
0
0
0
0
0
0
0
0
0
0
0
0
0
0
0
0
0
0
0
0
0
0
0
0
0
0
0
0
0
0
0
0
0
0
0
0
0
0
0
0
0
0
0
0
0
0
0
0
0
0
0
0
0
0
0
0
0
0
0
0
0
0
0
0
0
0
0
0
0
Rain_input
.10000277777520576
.10033607345590566
.10122449987336021
.10266706997850412
.10466218106407205
.10720761654521965
.11030054842216762
.11393754042213261
.11811455181705474
.12282694191287966
.12806947520540782
.1338363271969828
.14012109086755623
.14691678379293965
.15421585590233555
.16201019786652776
.17029115010741358
.17904951241886566
.18827555418823738
.1979590252071534
.20808916705957542
.21865472507449107
.22964396082994618
.24104466519452836
.25284417189181196
.2650293715726962
.27758672637999937
.2905022849891301
.30376169810812353
.3173502344198229
.3312527969484942
.345453939832691
.359937885485733
.3746885421247349
.38968952164870974
.404924157845885
.42037552490999885
.43602645624501335
.4518595635373406
.4678572560744054
.4840017602880695
.5002751395012136
.5166593138555325
.5331360803984071
.5496871333065341
.5662940842238471
.5829384826911307
.5996018366446334
.6162656329609025
.6329113580250166
.6495205182993643
.6660746608701159
.6825553939485651
.6989444073045544
.7152234926092943
.7313745636649647
.7473796764986305
.7632210492981433
.7788810821678809
.7943423766823761
.8095877552161107
.8246002800279998
.8393632720793599
.8538603295644599
.8680753461330608
.881992528784705
.8955964154148689
.9088718919934882
.9218042093567704
.9343789995936364
.9465822920085897
.9584005286432712
.9698205793394663
.9808297563268151
.9914158283190324
1.0015670341029665
1.0112720956054038
1.0205202304231007
1.0293011638021234
1.0376051400531834
1.0454229333902882
1.052745858180667
1.0595657785945787
1.0658751176442862
1.0716668656021526
1.0769345877885061
1.0816724317206217
1.0858751336148782
1.089538024234865
1.0926570340789419
1.0952286979014896
1.0972501585628254
1.0987191702035093
1.0996341007395125
1.0999939336754752
1.0997982692340431
1.0990473248000214
1.0977419346788602
1.0958835491697325
1.0934742329542417
1.0905166628025422
1.087014124599426
1.0829705096936775
1.0783903105747532
1.0732786158815883
1.0676411047490786
1.0614840404985129
1.0548142636789724
1.047639184467424
1.0399667744359538
1.0318055576952831
1.0231646014244122
1.0140535057969104
1.0044823933150429
.9944618975635875
.9840031513958364
.9731177745649013
.9618178608140748
.9501159644405808
.9380250863476458
.9255586596003916
.9127305345015856
.8995549632038424
.886046583875366
.872220404436821
.8580917858874123
.8436764252386871
.8289903380750256
.8140498407601968
.7988715323097401
.7834722759493271
.7678691803795754
.752079580768143
.7361210194902139
.7200112266387745
.703768100326336
.6874096867999808
.6709541603918366
.654419803327242
.6378249854130437
.6211881436285902
.604527761642098
.5878623492751373
.5712104219380769
.5545904800593043
.5380209885310998
.5215203561949887
.5051069153893666
.4887989015821218
.4726144331108785
.45657149105337524
.4406878992503397
.4249813045030544
.40946915696761665
.39416869076766836
.3790969048471473
.36427054408431436
.34970608068806286
.3354196958971526
.3214272620027239
.3077443247140514
.29438608588713244
.2813673866352978
.26870269084061615
.2564060690843991
.244491183014673
.23297127016797037
.22185912926232224
.211167105977775
.20090707924023854
.19109044802390251
.1817281186868807
.17283049285415863
.1644074558613017
.15646836577176576
.14902204298001412
.14207676041198242
.13564023433379374
.1297196157789203
.12432148260332901
.11945183217742732
.11511607472293674
.1113190273020905
.1080649084658395
.1053573335670057
.10319931074359683
.10159323757673933
.10054089842694648
.10004346245167886
.10010148230640104
.10071489353057671
.10188301461928473
.10360454778037699
.10587758037633596
.10869958704923077
.1120674325264108
.11597737510381897
.1204250708030564
.1254055781975777
.1309133639026568
.1369423087230229
.1434857144513364
.15053631130995315
.15808626602770653
.16612719054273722
.1746501513216978
.18364567928498268
.19310378032695247
.20301394641947001
.2133651672864025
.22414594263613358
.2353442949384762
.2469477827318137
.2589435144456604
.27131816272330744
.28405797922862114
.297148809920562
.31057611077843666
.32432496396042926
.3383800943774426
.35272588666384974
.3673464025262937
.3822253984512616
.3973463437517635
.4126924389330606
.4282466343570428
.44399164918451706
.45990999057436077
.4759839731182145
.49219573848911424
.5085272752822413
.5249604390257407
.5414769723393775
.558058525218639
.5746866754217405
.5913429489368839
.6080088405070438
.6246658341894533
.6412954239269733
.6578791341084729
.6743985400953856
.6908352886916365
.7071711185341885
.7233878803815738
.7394675572778469
.7553922845695719
.7711443697535989
.786706312133583
.8020608222633959
.817190841155854
.83207955923538
.8467104350135919
.8610672134670259
.8751339440966006
.8888949986487599
.9023350884785818
.915439281535599
.9281930189534191
.9405821312247544
.9525928539438562
.964211843098884
.975426189897213
.9862234351072086
.9965915829005336
1.0065191141796181
1.0159949993754627
1.025008710701589
1.0335502338504932
1.0416100791196223
1.049179291954516
1.0562494628973877
1.0628127369301024
1.0688618222011659
1.0743899981270324
1.0793911228587276
1.0838596401054945
1.0877905853078766
1.0911795911533857
1.0940228924286213
1.0963173302024543
1.098060355335625
1.0992500313128577
1.099885036394346
1.0999646650842152
1.0994888289143354
1.0984580565426094
1.0968734931656299
1.094736899246356
1.092050648558226
1.088817725547873
1.0850417220193833
1.0807268331437685
1.0758778527980997
1.070500168239469
1.0645997541197019
1.0581831658474716
1.0512575323051838
1.043830547928732
1.0359104641589136
1.0275060802740132
1.0186267336137316
1.0092822892053215
.9994831288034672
.9892401393560623
.9785647009087276
.9674686739614818
.9559643862916313
.9440646192575064
.931782593598268
.9191319547455565
.9061267576633056
.892781451232564
.8791108621986622
.8651301786985869
.8508549333868242
.8363009861784648
.8214845066286952
.8064219559683001
.7911300688150925
.7756258345816144
.7599264785997677
.7440494429833199
.7280123672495759
.7118330687217317
.695529522733673
.6791198426592437
.6626222597881257
.6460551030707339
.6294367787546017
.6127857499348828
.5961205160417059
.5794595922871497
.5628214890946976
.5462246915340015
.5296876387838086
.5132287036458982
.496866172132734
.4806182231515622
.46450290830749097
.44853813184800695
.43274163077121763
.4171309551198915
.4017234484832176
.3865362287279408
.3715861689802641
.3568898788796706
.34246368612547373
.3283236183366125
.3144853852448355
.3009643612410524
.2877755682942701
.2749336592620495
.2624529016110706
.2503471615658546
.2386298887032718
.22731410100995614
.21641237041921213
.20593680884349325
.1958990547179703
.18631026007012808
.17718107812977907
.16852165149322915
.1603416008547769
.15265001431803826
.1454554372989889
.13876586303194027
.1325887236889863
.126930882122801
.12179862424195331
.11719765202720822
.11313307719658286
.10960941552618214
.10663058183313673
.10419988562620841
.10232002742889791
.10099309577914173
.1002205649089289
.1000032931064176
.10034152176236943
.10123487510196263
.10268236060228074
.10468237009501394
.10723268155314736
.11033046155965061
.11397226845542921
.11815405616303358
.12287117868188724
.12811839525002983
.13388987616664658
.14017920926891553
.14697940705597165
.15428291445208003
.1620816172003835
.170366850877912
.17912941052182837
.1883595608562137
.1980470471080439
.20818110640032178
.21875047970973036
.22974342437549028
.2411477271455585
.2529507177456513
.2651392829560244
.27769988118036526
.2906185574906186
.30388095913102603
.3174723514641631
.3313776343412289
.34558135887844954
.36006774462090696
.3748206970747544
.38982382558833895
.405060461562339
.42051367696872843
.43616630315794247
.45200094993339757
.46800002487214
.4841457528701719
.5004201958907394
.5168052728936394
.5332827799234
.5498344103340348
.5664417751278633
.5830864233858528
.5997498627667325
.6164135800521369
.6330590617149499
.6496678144879796
.666221385910137
.6827013848272641
.6990895018248612
.7153675295700029
.7315173830398256
.7475211196141434
.7633609590098412
.7790193030349211
.794478755140239
.8097221397472059
.8247325213300056
.8394932232311026
.853987846189139
.8682002865586572
.8821147542013746
.8957157900291698
.9089882831792407
.9219174878024081
.934489039445873
.9466889710122436
.9585037282770921
.9699201849478105
.9809256572470302
.9915079180044081
1.0016552102411034
1.0113562602318868
1.0206002900303357
1.0293770294432283
1.037676727440806
1.0454901629902518
1.0528086553003317
1.0596240734658282
1.065928845501038
1.0717159667523162
1.076979007680298
1.0817121210031775
1.085910048193078
1.0895681253183247
1.09268228822511
1.0952490770528016
1.0972656400778766
1.0987297368822089
1.0996397408421934
1.099994640935937
1.0997940428665136
1.0990381695000297
1.0977278606180199
1.0958645719844413
1.0934503737283088
1.090487948043764
1.0869805862101356
1.082932184935302
1.0783472420264137
1.0732308513927975
1.0675886973865771
1.0614270484873118
1.054752750337665
1.0475732181378392
1.0398964284072274
1.0317309101224323
1.0230857352415046
1.0139705086249253
1.0043953573645203
.9943709195321861
.9839083323608985
.9730192198711549
.9617156799565971
.9500102709431442
.9379159976365969
.9254462968741874
.9126150225961389
.8994364304538334
.8859251619716537
Output_flow
.09492223887706366
.26740655170805644
.8061969309028428
.6775028949542823
.45774410975227875
.7446892109099876
1.3640718717539122
.5341626147367269
.1615977040117586
.8081239820359791
.7469417625065624
