System_realization
5.000138888760288
4.438808043854078
5.054404511315925
4.884152424368035
4.934576759377172
4.779692635258909
4.358013950340404
4.765688758289841
4.603091071346468
4.4226631101231275
4.515949169807042
5.030015045186543
6.133138189098135
6.68511350859681
6.31041686664592
6.488767017937226
5.903860107860137
6.292502119603199
7.099848954725582
7.091008016905687
7.443287117792965
8.465534844508294
8.089861137778687
8.100480446500029
8.04347387260003
8.577486128859055
8.227904853194326
8.017396355888138
8.74212503562712
9.193745282537556
9.409305554697125
9.873883712930953
12.238093589454305
11.950847035989263
11.284306574629136
11.161170891140832
12.135813665257228
10.964410836821324
12.064603497830523
14.378652332805833
15.796283513197935
17.939123211461496
17.209046346592952
16.200309392153677
17.89941581159812
21.041808214720582
24.70026410758461
28.577207626571592
26.981378271174385
26.490311091560677
28.054197892351585
28.572213947351
28.460780558781195
26.68371660894631
26.45794646250103
24.537786048957468
28.268693763216653
29.427681693983804
29.665967311519747
28.99588416305209
34.45323303644184
35.861872442613375
39.58397057426181
34.74109230880406
36.80861221231532
33.07077864154784
25.946632068884085
29.293943017833726
34.19938657234686
36.09280152545795
32.16400547854214
32.39833129849735
37.1583407226006
40.56457149347111
40.52466572376655
36.93105541586586
38.128185857991454
45.111622656299296
47.907222597116224
54.03317446310453
54.52797696422095
60.6585670980163
59.62249089792183
52.19622508485449
53.73991549614692
50.13540189621562
42.30559547990843
44.76317141452157
51.40501011501929
49.1195473502836
51.3109897916973
56.97571259101275
59.63758370853228
55.01962548399579
51.631210024177825
44.50036089899794
47.63786667168949
55.61944946681479
59.55816237425894
63.24438088938305
56.59399429474944
68.23592963669104
76.08580713261124
92.1710027913831
97.6364696499863
92.98950292225348
89.3550806523899
83.62901103706473
76.86766842443441
77.53592407065825
72.07729125586708
79.4783588816831
61.788254163518026
68.11633356905946
67.90502213810237
71.72357778254666
72.77523841621021
62.126137983044764
59.02540084633475
60.46579677957158
61.151269835175455
59.104917761566334
60.36590140997642
45.1329878199302
43.95168712577938
42.85449635718104
41.872260964373
41.65490396364499
35.447010410610176
39.74834347881244
36.695193838117575
36.94222843492251
32.33098453609127
32.47466794351994
31.98332592086483
33.11957888648502
33.22199731790131
33.94638501260319
37.72234820391386
34.667574361119385
29.68605459984965
27.701921279237368
26.68839139453157
25.015289873218183
24.32261945339175
24.32625907988373
26.496085896040768
25.92486602599393
26.151834479735847
26.455336008359982
25.123011225567037
25.707278530479122
23.644811869202076
27.393951847625903
23.615025973213992
18.88888768754909
17.22986110136592
15.50584965385563
17.101569459938727
17.210011491925663
18.13979452392352
19.502520476665474
17.621177940778445
17.602993235445815
15.638795417359894
16.858950182917635
15.212479476267488
14.469198038162185
11.78721029897658
14.805317676352699
12.656737240905342
13.806486430755283
14.993921787292335
16.15744086296008
16.029331131724735
14.412188515341448
14.170434613859175
14.446993375387102
16.687085665204766
16.83976083050509
19.79307460351611
19.179413642805116
19.443122177581056
17.503042691490474
14.677471683593055
16.14298623725323
16.00598595837511
16.58892661440292
18.288098429242748
17.295253368829357
18.74513289707397
18.108467907429844
16.578418901919747
19.543049242029163
20.652698478281234
24.59204262111616
25.795160645452924
23.42936167923827
26.42079830888791
24.938615984545113
25.777972310314283
24.188072225189895
24.94576837598242
29.63152089147703
28.8187108644261
29.882847896807363
25.94280608093336
27.42855186901194
29.30720279016896
32.24197041101638
33.48992603507239
30.161963998381953
33.912189596793425
32.49806682518758
35.83178648200737
32.616529087586294
35.35985007056432
30.728347949669022
31.701864494945205
33.57280201284967
36.79788305597962
33.76756083352492
37.04602813949299
37.02283790129961
39.227556970726425
41.57608007221845
50.783432236854544
46.116226749901365
42.60250024749847
46.75255765728389
43.96272476818687
40.696198520252764
37.82146219320789
38.01331149645236
34.0674592671344
35.96681511680892
36.532593299842546
41.4195080930002
38.84238949837549
38.98536437703996
40.13659534526395
49.04684161983938
43.096246101214064
44.844805374009056
47.324333665903794
44.85542356973043
49.016907186879685
42.2762156884299
51.418317659769755
50.67390264434539
52.50703496208408
59.83289851582975
56.85376891430404
63.25815792952683
58.18054351680329
54.183048559376566
53.15966135508422
46.866859449562035
44.665059050657284
43.57278083636843
41.89495392726327
37.58540789712486
40.362385989256765
39.10964616691422
32.46482408913056
31.891993652558998
33.71504597990717
33.791502946311965
37.12019668182162
37.054777887454215
33.48093457340252
28.13475321538227
28.74951659697503
29.93553060041316
30.866903107255744
26.864894615406694
24.009472287635877
22.13255156845979
22.571820209009083
23.76195436446024
23.63526645002023
21.402229788871985
22.907580230597475
19.979574596318855
19.43568497542834
19.15073642356857
15.705195777533264
17.98659043108539
17.627042486171526
16.923311126170983
16.501982699308922
14.637794352519856
14.362701094838215
16.235802404931185
16.089975464838968
16.163432854043545
17.067335714518013
15.87513138362453
16.153953107731258
15.11894601999285
15.928017355970825
16.50232295148088
15.12530888250966
16.442489585726587
16.80043501263867
15.74134364497155
18.52492545608094
15.92435304370748
13.713129191102645
13.502300806494068
12.744354718425413
10.662129504959031
10.885028960747285
13.779437779086727
14.611087335518356
13.58283722034824
15.859455014083112
16.334478753535198
18.743055709516582
18.694571655840672
17.618579470711325
17.37830795771145
17.517836212601303
16.560367414618263
14.489785267125617
16.17896159833058
17.167467899020608
17.207856802014692
15.667805634211389
13.09601975227088
13.287856362145856
14.105826342691035
16.783579568356224
18.623409190232106
19.05498130766846
18.237647157004094
21.320892001635915
21.31295535250569
22.942152270867787
19.022490915897883
21.582753670757985
23.123775310588425
25.205810679885463
24.486219101777976
25.532214232806282
26.96589795011251
25.371495789666866
25.832336526713114
26.223295373139994
27.905854124415725
27.542956627281768
30.94225396955914
30.816029532129793
31.27029477115175
32.1697066930788
30.884535466770046
34.247016148985445
37.74997720911175
38.64467266247624
35.82108876393325
37.9707390757819
31.81552096235238
27.170699714510885
23.995028404521392
22.808648664464318
22.717894012608564
25.737434873187677
26.361801383107537
28.95746305298681
35.77528679307506
40.811384102047576
45.55204720271575
46.21248718301488
49.55187240488468
57.86745888600433
51.30668587639942
55.30597112651995
49.68507118123268
49.12336503200474
44.89076395651176
51.03065287250156
44.52496806263608
36.77104487458083
42.3627283625255
46.18838573721598
49.79844421110144
50.27519294957414
47.496295436710106
55.729113604169285
51.45226668878099
55.99114091828498
57.025293322155584
57.680132934058776
54.386091470274245
57.73035969362844
61.12818629206432
62.315218824013584
56.24517776688168
51.87391967650301
54.67648298256801
58.25814412143204
Rain_input
.10000277777520576
.1005061645760788
.10187660272221684
.1041117133249251
.10720761654521965
.11115893832868463
.11595881973407801
.12159892883949305
.12806947520540782
.13535922686951707
.14345552984384588
.15234433008030054
.16201019786652776
.1724363546097346
.18360470196197554
.19549585323634988
.20808916705957542
.22136278320252123
.23529366052650458
.24985761697948017
.2650293715726962
.2807825882649503
.29708992167826864
.31392306456565233
.3312527969484942
.3490490368383693
.3672808924551535
.3859167158508282
.404924157845885
.42427022418297156
.44392133280030166
.46384337212541105
.4840017602880695
.5043615051495653
.5248872650441573
.5455434101272563
.5662940842238471
.5871032670697846
.6079348368379295
.6287526328405804
.6495205182993643
.6702024430736214
.6907625062384035
.7111650184034479
.7313745636649647
.751356061082682
.771074825575449
.7904966281296761
.8095877552161107
.8283150673118018
.8466460564256708
.8645489025278313
.881992528784705
.8989466555040518
.9153818526962761
.9312695911607657
.9465822920085897
.9612933745355865
.9753773023627456
.9888096277637815
1.0015670341029665
1.0136273763095434
1.0249697193184661
1.0355743744107415
1.0454229333902882
1.0544983005379878
1.0627847222874571
1.0702678145710343
1.0769345877885061
1.0827734693552342
1.0877743237905415
1.0919284703114869
1.0952286979014896
1.097669277827643
1.099245973584993
1.0999560482505182
1.0997982692340431
1.0987729104178439
1.0968817516812261
1.0941280758109042
1.0905166628025422
1.0860537815633526
1.0807471790301495
1.074606066721752
1.0676411047490786
1.0598643833106856
1.0512894017058771
1.0419310449018118
1.0318055576952831
1.0209305165140297
1.0093247989065162
.997008550773153
.9840031513958364
.970331176326507
.9560163581991551
.9410835455332899
.9255586596003916
.9094686494282126
.8928414450210413
.8757059088771243
.8580917858874123
.840029651702596
.8215508596580577
.8026874863488713
.7834722759493271
.7639385833736301
.7441203163764407
.72405187669376
.703768100326336
.6833041970692431
.6626956893926111
.6419783507795888
.6211881436285902
.600361156827607
.5795335431089494
.5587414562931718
.5380209885310998
.517408107652911
.4969385947330208
.4766479819791474
.45657149105337524
.43674397193228165
.41719984241226027
.397973028365045
.3790969048471473
.36060423816543485
.34252712899940796
.3248969566789204
.3077443247140514
.291099007671705
.2749898994911242
.25944496332806566
.244491183014673
.23015451621932687
.21645984938776358
.2034309545436955
.19109044802390251
.17945975121944246
.16855905339111282
.15840727662372583
.14902204298001412
.14041964391120199
.13261501197732556
.1256216949264003
.11945183217742732
.11411613374806341
.10962386166352847
.10598281387902875
.10319931074359683
.10127818402885244
.10022276854172266
.10003489633568455
.10071489353057671
.10226157974650087
.10467227015279625
.1079427801285295
.1120674325264108
.1170390675275257
.12284905506977944
.12948730982847434
.1369423087230229
.14520111091940055
.15424938029362154
.16407141031724293
.1746501513216978
.1859672400941324
.19800303175337142
.2107366338506807
.22414594263613358
.238207681427622
.2528974410159213
.26818972203565394
.28405797922862114
.30047466752265106
.3174112898459876
.33483844659421336
.35272588666384974
.3710425599640338
.3897566713151256
.40883573564069087
.4282466343570428
.4479556728624635
.46792863902631565
.4881308625765106
.5085272752822413
.5290824718275255
.5497607712698702
.5705262789773948
.5913429489368839
.6121746463246178
.6329852102313646
.6537385164326573
.6743985400953856
.6949294183118637
.7152955123528113
.7354614695312022
.7553922845695719
.7750533603642819
.7944105680412439
.8134303061988666
.83207955923538
.8503259546593007
.868137819283542
.8854842342056277
.9023350884785818
.9186611313793129
.9344340231837707
.9496263843607428
.964211843098884
.9781650810844855
.9914618774505264
1.0040791508207014
1.0159949993754627
1.0271887388705079
1.0376409385417324
1.0473334548343145
1.0562494628973877
1.0643734857896205
1.0716914213450246
1.0781905666523368
1.0838596401054945
1.088688800986925
1.0926696665496514
1.095795326568568
1.098060355335625
1.099460821078094
1.099994292783579
1.0996598444199106
1.0984580565426094
1.0963910152871226
1.0934623087475848
1.0896770207483897
1.0850417220193833
1.0795644587899942
1.0732547388221112
1.0661235149059343
1.0581831658474716
1.049447474980658
1.0399316062414246
1.0296520778452254
1.0186267336137316
1.006874712000451
.9944164128690626
.981273462082097
.9674686739614818
.9530260116860613
.9379705456948839
.922328410168422
.9061267576633056
.8893937119792764
.8721583193402129
.8544504979739587
.8363009861784648
.8177412889644062
.7988036233669003
.7795208625212491
.7599264785997677
.7400544847087952
.719939375846696
.699616069025376
.6791198426592437
.6584862753268179
.6377511840113
.6169505619273102
.5961205160417059
.5752972043969382
.5545167733457642
.5338152948062346
.5132287036458982
.49279273530389944
.4725428637592658
.4525142399530526
.43274163077121763
.4132593586941927
.39410124221785026
.3753005371493421
.3568898788796706
.33890122573321607
.321365803492571
.30431405119494503
.2877755682942701
.27177906328067747
.25635230384659946
.24152206868592618
.22731410100995614
.213753063860779
.20086249729969125
.18866477754494765
.17718107812977907
.16643133314810105
.1564342026517243
.147207040259114
.13876586303194027
.13112532367169943
.12429868508468121
.11829779735941527
.11313307719658286
.10881348982707745
.10534653344962476
.10273822621495551
.10099309577914173
.10011417144421797
.10010297889973839
.1009595375743926
.10268236060228074
.10526845740390386
.108713338877392
.11301102519095459
.11815405616303358
.12413350421213162
.13093898985384456
.1385586997181917
.14697940705597165
.15618649469854928
.1661639804312091
.17689454473604455
.1883595608562137
.2005391271293846
.2134121015342279
.226956138390008
.2411477271455585
.25596223319029865
.2713739406164775
.2873560968583764
.30388095913102603
.3209198425877947
.33844317011325886
.3564205236649367
.3748206970747544
.39361175021857764
.4127610644597913
.43223539927069643
.45200094993339757
.47202340622006767
.49226801195069547
.5126996253249441
.5332827799234
.5539817462723076
.5747605938649295
.5955832535318759
.6164135800521369
.6372154148961139
.6579526489917694
.6785892854049167
.6990895018248612
.7194177127469099
.7395386312438197
.7594173302189754
.7790193030349211
.7983105234120662
.8172575044935276
.8358273569736301
.853987846189139
.8717074480741112
.8889554038812681
.9057017735748637
.9219174878024081
.937574398354973
.9526453270285592
.967104112801638
.9809256572470302
.994085968099256
1.0065622009017487
1.0183326986616317
1.0293770294432283
1.0396760218350352
1.0492117982286122
1.0579678058516035
1.065928845501038
1.0730810979270087
1.0794121478209633
1.0849110053669335
1.0895681253183247
1.0933754235671194
1.0963262911767626
1.0984156058543457
1.0996397408421934
1.0999965712134034
1.0994854775604248
1.0981073470702618
1.0958645719844413
1.0927610454464158
1.0888021547436142
1.0839947719558614
1.0783472420264137
1.0718693682763045
1.0645723953871524
1.0564689898819661
1.0475732181378392
1.0379005219686868
1.0274676918204162
1.0162928376250708
1.0043953573645203
.9917959033982793
.9785163466139071
.9645797384622097
.9500102709431442
.9348332346119025
.9190749746780462
.902762845273907
.8859251619716537
Output_flow
.11123534094560208
.285060819660515
1.1434214212943437
1.3578693286385495
.3688876786218547
.5215926430390065
.8602841130476664
.5108389671653557
.32324883893257045
.769726617983698
.9903971552144832
