18758328224066644e-29
-19099388737231492e-29
20122570276726037e-29
-4433786671143025e-29
32969182939268646e-30
-1602984411874786e-28
4706635081674903e-28
2398792275926098e-28
120508047984913e-27
36607161746360364e-29
-20122570276726037e-29
17394086171407253e-29
24158453015843406e-28
-3026343620149419e-27
-20236257114447654e-29
20236257114447654e-29
15847945178393274e-28
20122570276726037e-29
-6298250809777528e-27
753516360418871e-26
-41382008930668236e-29
-3683453542180359e-27
1360831447527744e-27
4021103450213559e-27
-733393790142145e-26
-15709247236372904e-27
-10069243217003531e-27
-9366658559883945e-27
20700099412351848e-27
28520616979221814e-27
8383267413591965e-27
-14806573744863273e-27
-8850520316627807e-27
-7539711077697576e-26
8413962859776803e-27
-1932448867592029e-26
-23125039660953916e-27
-31699300961918196e-27
-21508412828552536e-27
7951030056574382e-26
-13567273526859937e-26
-9042992132890503e-26
-2909348495450104e-25
12448708730516954e-28
30535375117324293e-26
-20966695046809036e-26
-6058314738766057e-25
-10356529855926056e-25
22685867406835314e-26
-10440453479532153e-25
2163025101253879e-24
26134705422009576e-25
-23517804947914555e-25
-6994696377660148e-25
-12724933640129165e-25
-3722968813235639e-24
8503582193952752e-25
-4126439989704523e-24
4847637455895892e-24
34699610296229365e-25
9727830274641746e-24
-2106412466673646e-25
-4735589982374222e-24
-23404218154610134e-24
59538945151871305e-25
2446766984576243e-23
14685455198559794e-24
-14314616691990523e-25
-2820095801325806e-23
-15224748040054692e-25
-24950214765340207e-24
-4721251571027096e-23
-42193507852061887e-24
26780450070873483e-24
-4445435592970171e-23
-1324891047715937e-22
3838010798062896e-24
-7876172276155557e-23
-16644300387724798e-23
-6395392290414748e-23
3871622055839907e-22
-3633409443182245e-22
-2740339073170617e-22
7299892558876308e-23
17548934067690424e-23
-8578749259413598e-23
-8050659880609601e-22
40988406055930684e-23
-14920913440619188e-22
-3651635091728167e-22
-551880071384403e-21
24272029634175853e-23
-275275551643972e-20
-2090043350335691e-21
29463348630542897e-22
-26780273856275014e-23
-15965821592089923e-22
7848204033393813e-21
-4692359868840867e-21
-494769353394986e-20
