1e-4
.00010623886793066818
.00011286697059189968
.00011990859182447441
.0001273895305059275
.00013533719507169057
.00014378070393328412
.00015275099216146708
.00016228092482520632
.00017240541740171805
.00018316156369872845
.000194588771757639
.00020672890823550746
.000219626451794833
.0002333286560631255
.00024788572275930693
.00026335098562124264
.0002797811058082649
.0002972362794946056
.0003157804584143061
.0003354815841656333
.0003564118371334409
.0003786479009414649
.0004022712434034506
.00042736841500244866
.00045403136599184136
.00048235778327988154
.0005124514483320121
.0005444226174022431
.000578388425486656
.0006144733154790397
.0006528094941009757
.0006935374162767988
.0007368062997280774
.0007827746716729553
.0008316109496333525
.0008834940584779548
.0009386140859616947
.0009971729791634942
.001059385284373814
.001125478933142831
.0011956960773691055
.0012702939764883442
.0013495459400126866
.0014337423288737726
.001523191619238295
.0016182215326935787
.0017191802369439656
.0018264376214170497
.001940386652453299
.0020614448130441736
.0021900556323936116
.002326690310906809
.0024718494465599404
.0026260648689757676
.0027899015879248434
.002963959863391089
.0031488774047860753
.0033453317073693306
.003554042534434874
.003775774554358038
.004011340142164216
.004261602355883718
.004527478098597547
.004809941477758981
.0051100273740987984
.005428835233189815
.0057675330935621095
.006127361866127036
.006509639880588828
.006915767715500878
.007347233329662767
.007805617513658469
.008292599681508727
.008809964023657076
.009359606043832422
.009943539503737974
.010563903801010011
.011222971807477868
.011923158196442537
.012667028289483238
.013457307455204475
.01429689109435866
.015188855247927159
.016136467867025717
.01714320078592416
.01821274244204725
.01934901138955934
.020556170656043912
.02183864299487726
.023201127089177796
.02464861476669808
.02618640928873156
.027820144780039763
.02955580687098714
.03139975462751141
.03335874384927571
.03543995182136195
.03765100361018918
.04000000000000001
