172.25967628655349
257.16575504634557
266.330572341408
310.8326166548819
316.52449197041966
319.86434867856224
285.8469476050499
271.93799036750886
314.61288562859716
308.84392011688925
287.7017855292089
284.3727275617159
278.43662928907474
301.386785106169
304.2363727525337
307.58234075900646
282.48103793732065
271.6266985788486
295.9545481434195
285.52879973869756
285.2867240368445
285.80755522397754
273.6760039467156
268.46943478341603
272.8249003777395
275.62917130151345
285.8529403327445
304.80865116299833
290.5157731070308
290.1805795114109
284.6320715281182
302.353715880889
317.7076951935734
297.29604097930024
296.15220489334575
287.4866793211575
279.9480634902583
306.9669390699685
293.1657164472524
279.524911364592
288.081443598846
282.64078602753534
286.8890803556947
298.3395881665126
302.96263690856017
306.40306638064374
298.1747311003046
314.84443486799137
313.1166784066439
308.85734380180463
313.1158015116324
307.9299383394874
263.092394765011
274.93289941171486
267.8650006903707
266.0574250886949
275.594932481132
300.8871859517948
287.1400308751147
276.25713146335164
275.8872099296477
290.2000959908072
288.83691863051627
304.3212767319164
307.82194994266314
299.460943342475
318.02372764104155
320.21651647624935
313.1840435473505
316.2264827212662
298.2539359752419
294.7125310589414
311.47503516361047
312.21431519813007
302.1529026011158
292.99374248586736
290.3824278229064
279.61820054218504
281.19777892357894
302.88326004252264
303.1859631359546
296.896343042774
290.23431676734776
278.1646832331241
283.3618421713853
286.2328658030998
286.81821334261053
307.9841858529828
296.4619535372376
294.17607197623704
288.2430009291673
266.8355658042733
267.62197599029446
268.82697981991845
280.9514466938075
283.29769551630716
289.2258304887714
308.18804937668193
308.0537335036539
329.43781214397575
335.9911173568208
319.19919165532633
320.926306809252
340.4322530291803
332.5962163981096
322.9907091094785
302.90933167366666
271.3841872603596
285.95118695898236
286.5943491713051
273.6712683699317
289.4789428272609
297.4261457818209
335.72164445931867
306.61066478338444
285.4344588109939
293.1200771771628
292.1754149663536
319.26509465530523
325.2062408512304
282.67233737604727
293.38051665873854
291.09688649603413
319.942845240945
310.21822337572524
307.67945528252545
288.8478487057173
306.131201799112
302.42968110262785
285.93323443053896
279.28024723810336
292.661290724201
306.5165446643351
307.69292738544027
322.8520837804924
317.28445208222405
333.42728718740926
313.4782202520254
277.98451406505416
285.1259071679724
320.56642209857444
321.357090326797
308.41425677334837
307.4816383597825
322.9870043738089
329.5314782143199
315.1921221369662
294.8777463455698
307.45897827659377
334.26043924358646
316.5441743132417
291.655464903855
293.05137225721677
301.20690102727076
265.6672649769974
283.250127822996
305.01883356104435
276.16817968647285
300.02940530632475
299.11680621787565
277.7876074985895
285.7298755239924
290.72113004367077
303.3074273555255
296.12875588079334
303.0450754841856
292.0450265425401
288.7033936799213
292.3780836255969
314.8577125579909
319.4886481599875
313.15646015319237
290.58032668192936
275.52514531866007
302.95352829249117
298.3244593957062
296.06292954951255
300.82715408995847
294.5778616152161
287.2483747917773
282.73648150646767
298.62936211458015
297.6232070222628
309.9637590690288
300.31168734546895
301.45182420855843
288.771329630972
288.0521436846178
300.9054648248553
319.77577169473176
324.87222492488104
316.5005253811179
311.80230074971746
291.2555615891066
296.1252613717738
299.2878433862619
300.60661804090074
304.3811982106887
287.96100644153034
308.20770676251243
308.2401040974085
276.3903304269734
279.0494470268151
271.62206630923924
287.7302388509237
294.09210372755786
278.87280899851464
288.62764779938504
275.57748945907144
287.40136505762143
303.33066128117775
318.30067585033
314.0007417793538
304.50792259603145
325.6695167075495
337.36898870767686
335.78975707713806
330.9792659409113
305.6851429427111
280.76463249038966
276.6075600267534
302.91209494040436
293.68452949596553
282.52437446513807
295.99626748775813
289.1505665098747
296.8452906117949
291.3327714877924
282.44383003997194
306.9377019038039
266.6256779520552
292.9833774414892
292.9373096742604
278.62971112634125
277.4737948623167
292.73710409433147
290.7849171282632
303.3716686449692
284.52906814924097
284.0841014516442
302.62779774095156
329.2380255252333
338.2144526681577
312.9179073023158
285.50163028466164
296.8442218750546
298.5199337766535
297.4047245819745
307.8148067372981
300.168490171726
303.9290046644893
270.65930970147673
283.058223228584
302.5771105266267
283.94002461297896
284.6839986571341
296.2189891628584
309.320100015815
301.55603106184003
278.9101504869193
289.07635499137757
278.2275170697595
283.5550950666436
312.23030719033505
318.9652538754177
295.2152894292867
291.35856721495554
310.8822941996882
281.0886090564346
276.9019712459171
292.9826213493514
270.8676424773477
273.19307657185027
281.6624331459486
293.11167707748734
278.0699012895574
267.35828490328504
293.50224720408704
312.84861442561646
327.77877414395016
331.8185994277909
312.5717581194772
325.23140976520483
288.1614628012712
281.992450011303
277.6203445721509
289.44647390977616
283.0132683900521
296.5139001692495
296.76839500260894
325.86627527544056
293.1433240725819
267.5820905115712
261.54381204907713
274.608289925942
279.4192858083942
293.134941573232
323.69822423531554
314.680582166421
305.43974148887423
328.84696988613615
313.3640351197334
288.388452332873
292.53148505246634
278.893060384969
272.9146006938833
267.3652700914434
271.6386738292332
291.7677863760125
304.57491173122594
297.1313533942091
296.7932697008331
273.3221848530562
287.88765672739544
308.1306796262648
292.200161187862
314.9016795231192
305.8631662151135
295.88706388992364
275.72270633195086
286.4573624937048
331.9095997500549
337.5909862413549
311.6680241836522
317.11534444956857
301.4825323137071
308.95175918994823
294.75309074595225
277.60293765562807
303.9637733833622
297.83188454919286
282.8113112164066
288.29513106327124
259.23753869675505
286.511998045405
294.4036676483822
302.9146247091584
291.6227729017851
314.0150148771961
297.1502782012988
277.5523889231049
281.10179168668867
290.8932916969112
305.04755067172437
308.0251599026124
306.86544781341325
320.30514594062447
309.64811361390025
291.87756603734704
276.92968068846824
293.4410078764536
337.0902406024018
318.5555187493709
281.8258532637659
287.20178465299404
277.2368980511382
262.730852467074
294.8835712340184
306.956328850593
300.2424712246817
298.2895654362456
295.42660408252084
302.2414561050847
300.1217265813475
303.04459834281715
306.72103692810026
280.3714629459556
303.7999186735451
302.02905223440456
305.4875570774095
296.86367583971355
307.41839151135423
310.4330562253397
286.68696998098335
309.7994109788274
343.9954394621341
315.14290345052206
312.9003987276407
287.2276588875418
291.1592434211665
295.10363975747737
289.05050137096384
314.4780099918228
308.9842977762587
278.86840704067174
291.6417969984908
301.7813647394678
302.51004868734276
292.3196320607492
294.2684533356751
291.075093982345
271.7358001812729
295.9269336462079
296.90587533352766
294.98037077892474
283.8419617626605
279.5505315764474
280.72737342909534
274.87058790699683
282.7720672439845
304.99249431662395
307.42063755683444
317.74293238722237
331.34246327080126
302.6445349354611
319.6320453437139
324.2377503768772
328.1108919973768
292.537374163367
295.4145707378472
290.5679722791716
284.6754073052625
261.8058642582988
286.510369555852
301.525943482586
308.0647240122537
316.48061065318313
330.85929957342256
330.6601234116757
309.39544101838896
297.76479154530796
296.5745660312077
307.60581647988306
306.9594784556421
297.9973984934501
274.01417419113284
290.77130877131367
319.6009673571706
301.049458979967
307.0252343787821
304.21649897085354
285.1817745238693
287.1063529121552
320.50017812973084
299.6862854667945
293.68998379942786
330.90904762748653
312.61012539000274
307.8634478500445
309.69731355404826
284.2275050292749
284.701006536773
316.78617943315675
310.8542767601406
313.019179407975
318.7932247824386
308.190402544217
290.98971948930705
281.0715165804969
306.7342635004248
307.8024937369112
283.4884403389759
284.80479304887706
309.8840529764942
318.12853022482795
296.7257708892717
274.846773517005
296.7780901863234
295.61024667885107
301.7098542951197
306.6023257996388
309.1838108864298
316.538951809928
301.6585336427057
320.43985539749144
332.1769896758168
314.8500671218543
289.6582453833323
296.8178380853248
286.65891545419356
290.49199093467666
290.9715160618689
279.47798807667067
296.0976862066044
322.7943790211143
335.10500008653503
305.0585513808181
296.5665905751015
314.9479718147044
284.866093784417
279.4996106514942
288.2937531675201
287.2001372269299
275.96937867975447
279.24665811459266
309.0954117073055
282.4640243047263
281.3894189547932
279.3161241521097
297.98006537603845
321.94828602510415
333.3879867030889
307.8764451334015
309.6261261798851
304.3723610173013
309.5408405568178
289.63073215026907
312.2610629478804
305.3964278616362
315.213183925761
280.1760519270458
293.2469708712182
315.41166488419606
330.3911503471569
309.46367445730436
306.4432072798729
313.8295130938028
299.31290023048837
290.9878956634925
310.42025112674713
323.8158334182042
283.5189733131472
311.88629166780424
350.2630358408378
317.24392251130246
308.0979060792065
312.1718578987054
312.9443622050752
285.04179104719935
274.9912301885836
283.60480026411767
302.5680647702113
302.17773184077544
314.75213083180904
318.3250297719551
306.1814913626819
300.8897610716145
287.12380322658896
295.9564428081924
278.7914163673781
283.1852028714659
312.504440072157
313.4076780057529
305.4428154685677
312.2741003413702
291.7623975299897
307.52579551864665
297.152594658996
287.24394132305406
284.4476666591123
292.8667732874241
294.5486317532775
300.37074089334146
315.42006514905387
314.36979841235075
314.3251543389259
305.4880633604956
294.1699169478251
302.9698675171771
293.8438863777571
295.48931034292957
315.33554731327104
313.4618868978905
268.2586972670519
261.00353213597487
292.00097028530746
299.60703155252816
321.48050031484127
323.6136476321466
325.50037570884217
302.30626109028253
311.1915197720675
344.3708370908895
321.4372804286904
286.36854828054084
283.15628697631803
307.6239674807296
331.25518262471303
310.2094033742138
316.7138135512124
302.7424149052498
299.74167566591143
295.2045404968104
300.81875590186064
300.9941409333743
296.5204758300917
299.17449441227643
328.50801055510993
297.3950551988653
292.55974048890187
293.31229514164625
265.94031439240285
262.29108631883423
274.81013322374014
292.3689338971277
306.12803408937526
282.0235195264677
254.3735372273104
289.55339038425836
316.52398111806554
321.05632381381065
284.0353993198099
294.67714685299234
316.2788526655836
322.94704624364675
320.2945935226794
327.6910786263073
302.90249169767117
303.6771021746657
309.82302638706653
317.09884706302824
337.5177356045041
311.4174912002574
292.65186230486626
300.75885615872676
283.30430940860356
288.8786542905624
279.6489447886475
274.6752598097377
272.13590773227077
258.4454161671164
265.5688486789381
251.58174040508084
273.69344599329077
307.13816596818833
330.6265370868349
295.6671064193373
292.60613729056115
301.4433947070808
298.23881463539124
310.09838026995203
290.7780853277174
297.02123173205865
320.8334578162501
330.7124122565481
277.0506315871968
296.95798144243054
297.41102203380274
291.30715347304056
291.138764784763
287.1732258272134
297.65500029990415
320.0536263983297
321.3077850856082
305.0866317757677
297.48787669938076
277.0144102212888
277.7215268987547
266.52095493109573
304.30903270303793
341.20729745060396
332.8953227485082
298.0230701654818
272.7582930737116
284.5436121629996
274.0612930271325
276.961412252405
256.0624348761878
264.9402878216374
267.9573734129976
285.6800853331447
297.56977913222386
273.1079482681172
284.73446140716464
313.15905259935585
312.5131918593255
313.3112168888273
299.1449827396658
287.34159303226147
288.85119478790796
294.8926713653361
295.5626544755889
294.46637513334093
303.9842912363781
318.0239091253091
305.79522350676837
272.66859891043214
262.72278924574886
291.01956575800875
314.9609766103757
321.3421609923709
308.43163771592043
307.986409596111
308.6107910246486
311.7957310847612
282.4480972184268
257.85170808212234
287.22249241916154
281.39250462459256
293.4849156803615
310.0334256832467
319.04639354942117
320.6115623221715
295.5224335427405
289.2780869675619
297.42461637815063
269.93330643578753
279.2384156992465
291.3925844264061
272.4132308575773
272.0386990549922
274.5992480105997
276.18884086911106
282.0205740340665
282.6829257642808
283.8909917752471
274.2434562563536
294.7310594108293
289.5613294221127
294.1739580389341
289.88595047022295
286.8770459671347
295.6108200434328
296.15823780690374
320.0909993913416
299.3078808545153
283.3204333088829
285.2759615774614
287.58687907328164
288.92127463601287
301.4591525052996
303.12815533936316
278.2525684964679
269.71452699701837
293.148988648053
309.1557520952151
287.1299927288504
293.36684279725864
294.74357188957964
259.9611259238608
283.87551855946543
317.23101310220795
301.00976780121863
296.9970683183426
314.97948301286254
305.9200769402074
280.9786357592171
265.14374652716873
294.29075665598543
299.0780481111939
285.1593758902019
300.27757027571647
304.77349306613746
303.7491195447309
306.5999013474825
283.22049594060024
268.62767488079305
300.89935344414505
286.7395286621552
258.31654931695
285.0179340144944
279.91505256338326
267.63467422312806
287.53109278659014
302.5859097479746
303.2139438049862
298.4156176539682
260.7317451532489
273.3643320445207
310.14655469801255
312.68203428723024
319.37199770984785
339.114115379096
338.17754173880445
305.3121830886092
282.74245705648366
313.93321503471793
319.93901901880554
323.8952537005513
318.2231197771811
326.1203178195393
337.620050338297
302.9842258910187
286.22805606570347
286.66814770161096
298.5914612965099
300.6728129876678
314.08548893838207
291.3099189819096
286.3777983026032
277.37013689569415
271.82091464243865
295.746565526096
287.5885899753149
326.52458775493363
338.51463704751376
322.3624693988675
304.5665470496989
295.81977320424465
287.39615737580715
287.6766821033044
280.88832237160034
279.56859589859954
302.8216118626283
315.8262943167585
325.69097276399634
324.14989720696093
301.67522095752815
306.3632988474268
305.37157151302125
304.0568104560346
285.44760991461874
276.46772048927437
284.66139960547696
293.64783944217214
280.28773461900255
266.09639639785655
266.6707216699243
267.1474945897801
278.7075964912303
292.0775518599341
305.4452846496797
281.5983272323919
268.29459674375073
262.0936325234732
283.3897498988531
298.7255786627914
307.3216142887813
291.734004904313
286.5045045535792
295.7805121192144
305.8496765355177
315.0377107118362
287.0609574300015
291.8650099121379
305.9355849582173
286.11156803646566
264.3411854943341
295.09243794920627
343.8674329000457
331.62085771896614
321.37149388169695
305.6086913370367
298.80160570007615
293.3350011753869
295.61695785328556
277.1846010773713
282.11419587138727
314.48329808911797
295.566313295193
287.89801338555515
290.9617074500395
279.71757678659037
267.3873150622085
275.6799576578851
292.3854000318661
303.9761110397343
318.18940136968365
304.0539939868173
292.4872895249825
297.12768690802676
296.77365434725465
277.7908704407298
275.4082259230638
293.68959551645764
281.1645047071333
274.54638339929954
295.3576610155975
302.0989865965463
317.60639596302934
326.2887336604331
324.2447008212116
317.72591840238385
307.69878289779706
299.6580662254645
292.04347662611576
292.77158736892613
314.3306060164689
307.03933266085767
303.04789317207354
294.9068460749354
296.86558337726484
276.44231636378044
320.23305669325947
316.0757303144582
298.7434105039281
308.9806787738704
271.3351774860948
272.8123628366758
296.3338852966314
275.5664078934036
293.7550612935965
289.2043404196381
314.73503822763337
325.63657217311845
304.89184768801533
300.2722770882555
275.7729044760063
263.6649798596429
299.91320722683986
318.77745221002016
306.4434459960622
290.2696836075443
272.0676697245891
294.32336069445137
308.9046764995577
271.4379542997023
267.8928407165492
283.81428592435634
286.40875034283886
301.74928663422736
297.4156677731305
288.4030543379525
286.9197956160896
308.7857049465673
318.05618203715676
277.11421016301256
246.48649462698162
293.9113638415869
328.8028458016098
325.2475022461051
313.04911265807914
298.451380337756
287.5244662035574
282.7289611668368
273.19678451328076
284.7376362617632
311.45483747803
291.8599924953458
275.5524193976779
299.2741741443151
305.7534733018714
321.20180102726744
321.07633871189023
327.0056438214966
277.66764996819893
256.7957354832981
294.37514429644744
292.53714166034104
305.003030961955
285.43264464096865
273.76148002833474
300.41562616893503
307.6816122511567
290.7991949974886
295.7047642592219
286.2189755134471
299.14649420995283
279.34051590298293
267.7137827872169
290.3041663865447
302.5232135253758
326.65943180051084
286.8643436804317
280.27937345286966
340.9202663762668
337.9074519951756
320.39189655042776
327.52728653163655
323.00640690431976
321.83257845477215
329.6287373124763
291.62918638068646
287.7089924390422
292.0859134950289
303.06819310226246
286.59448002839486
263.20697116559325
300.89658898577
307.79279178161215
309.76226439161474
304.32271539312967
290.6122335646731
278.17340058633545
278.0823995155818
309.4349891691997
311.8824746221331
311.5665035984094
287.6350163941628
288.71818898444724
283.0481097308068
274.38711990807326
270.6005019542936
264.07406057398276
276.3153236877383
296.47236398639075
277.2741802254639
283.4259116330566
275.27284264356274
272.99439171004383
272.0561924754455
311.6263931710672
302.68777969318523
283.47728975946154
276.7460893768815
277.4434495230205
284.34311373899703
314.2579234259355
302.63892126151876
308.1420750057953
298.7562394354445
307.5584010087229
293.9196756621229
284.9688887274468
296.30917094427423
276.9016894273426
286.97594134114365
301.5105350003988
308.6287329173225
304.08439622465005
292.7081424544496
282.41342301777433
304.4649876796976
275.5577511482555
253.23283438705627
286.9546698289041
304.3883679953095
288.1856077527129
286.02948751403784
281.86484003923727
