System_realization
5.000138888760288
5.481777945566459
4.608705655696075
4.7576056065053836
5.772174795004311
6.478952053651913
7.1498453302884055
8.43396522774264
7.341500500686771
7.958670845178577
8.921304275293696
9.473221309568256
8.991902902545418
9.55044300683522
10.747896661861397
10.82186210245207
9.808794134793054
10.902067853703814
9.585826236983033
10.234565254281025
10.517167386618505
9.561348423322029
10.843396664232166
11.225422180602672
11.640614943435374
11.985706268328526
12.13946048933946
12.39911251498123
10.787882094624377
12.213315405554976
11.398438007056185
12.829027733866704
13.40592359162374
13.994712788253796
17.739802294713805
18.79926410864088
20.38813422417061
23.07820598620741
25.52184591628046
25.890862586098955
26.21696921584565
29.531115216362696
34.540022354256756
37.1451859804528
36.85246072350116
35.16367691189559
30.46081944606838
27.476524292679755
31.785984718840325
38.49394595649278
38.167062991724
45.093736875817854
36.805874627483064
38.10159850146443
45.421026231500164
43.209888533872444
41.79443902986795
43.07604148954471
36.16500648278457
37.51360786889823
42.869217259148336
41.54477934299367
39.57399254125926
41.14053047584386
41.46351262362153
55.0336447420319
48.56597926283574
51.00893267243646
44.79330027231034
38.589803972892135
34.95204233556839
38.81107000093768
41.35257126721606
40.1361201750651
40.45706179604682
42.61580794594848
42.34891403273174
36.26264297163182
30.378448654837143
30.098765569673795
32.773068978371356
38.616193236806076
43.14950875767773
47.81949500935206
50.88162626204749
53.41884677150313
48.34570870296865
53.372406564991394
52.42777407546724
48.79787936751511
44.44831416038345
40.59048742036017
38.61528011277812
38.472208336697854
33.69178323749474
33.317166098824366
34.58879074305767
30.22535313078462
27.99291011320127
29.80010939431321
32.411783585518805
30.55379842346277
26.763296254813746
27.869305403268267
27.070648644080393
23.599543837010103
23.290028777010498
21.871113358942882
19.62475451797404
20.74411836439859
19.241852762606833
19.35582756622788
18.898242012986703
20.61545363482434
19.53721989778462
17.966996680836672
15.09087075826923
16.24258264351885
15.923260111547226
14.285877306836289
12.831705152203657
11.969316449665198
10.681493685728881
10.996939704865904
9.72357013434845
8.855620803350543
9.816927217269535
8.810602587000892
8.810900384742254
9.578068003611143
11.012485681478799
12.969479505908248
14.217048300456035
12.540316084605454
12.603754305421317
13.248903052286016
14.8040101360228
12.651938934629836
13.992060558490264
14.761835189171277
13.776191894835243
14.974438142754892
15.620607920583955
15.291233857805924
17.709078903844627
19.160637103638642
20.224872155537266
22.40232918296602
24.34756331318174
27.133869112189945
26.625109906684877
26.442998966287274
25.559913312596567
28.604312725380165
26.717353184844786
33.803095356892655
27.2281613952318
27.83745287356541
33.76627014890203
33.566969266423676
32.822236040760416
31.894271224774652
34.48532336436568
25.99731807794776
29.57544912501568
31.114599177238876
29.397706221404743
30.082708509587754
37.38364191401887
44.1505878183945
46.88606539992391
56.90044764404487
57.43051235678705
63.3243519120086
64.03097048805022
67.04305445093709
55.11266112970792
52.156403425099754
60.59349197156044
63.46072830734499
70.2520991889995
51.43879352563774
55.998617972198254
59.60021428639706
59.31328179519321
59.85847103451884
66.83407591728323
67.19293717896358
62.56804110454931
67.40366768170641
61.82691270110765
57.67909689280529
70.73777491450838
73.83103614856586
81.19316654241075
81.37270820923106
82.63900813132074
74.79172455482407
61.09795384904808
55.58365573601762
51.77435595192407
56.244757245707014
59.35022018766503
58.77220143462873
55.69400552761161
54.572246991250324
53.49687950357097
50.56052800862961
47.33031098612767
40.67717557118486
35.2155443203962
39.79814658026802
37.42325986214663
40.087671709680585
38.33465617391099
36.65679682050877
40.85092248417695
40.0196890938701
44.94464290575679
44.235546331540526
36.35213312455873
31.043114452167867
31.687194361337966
31.552942644529054
32.59539569266758
31.09698197682481
32.41380117174205
26.86556716985315
25.439248520712546
19.280574197691234
19.821188236793628
19.240869367842677
17.4839447876764
15.384261553747338
11.059169028922218
10.366237578449242
10.05409238814869
10.119647434028225
12.407911801979083
11.73096170669886
10.78867212716822
12.203887687044668
13.34447487605755
15.994376660925154
14.500689566848163
13.95632494042757
11.605511293673278
13.418844604981993
14.687373481999588
14.833119412719366
15.115746493800746
14.884421102306217
17.60032710796375
18.320153517234747
19.814294581007573
17.60337863608008
18.72858907617543
19.942487253668705
22.515876486465633
27.53964860472804
28.249467700220016
30.072685142509066
28.795664465380508
35.67169696921107
33.79501956012013
35.51840889067393
37.23859369053145
42.37895550043094
49.45136377220709
43.57378601689157
43.22960641700432
45.36747857050016
41.91557945906073
41.39892800686011
45.19337216234876
44.65473636312895
42.63592040801287
41.24663581742544
44.21474245515774
34.90123435495908
30.279961024243235
29.29341839945719
26.471806124705036
28.043717572990285
28.62326757229903
32.35623653979607
36.12586018982593
38.7983860801998
41.71986591054261
40.02280748450744
36.02920560339326
33.77152719209731
36.82698542793469
37.31844136576268
40.3584094535055
38.47944010361777
26.556273799889706
26.16140484446715
24.343602229574117
28.64900363955562
30.68799801345101
Rain_input
.10000277777520576
.10086672478887419
.1032708104152525
.10720761654521965
.1126649956674142
.1196261083509111
.12806947520540782
.1379690431585893
.14929426584616562
.16201019786652776
.1760776026091876
.1914530733242832
.20808916705957542
.22593455105165422
.24493416111964889
.2650293715726962
.2861581761068962
.30825537913357615
.3312527969484942
.35507946812125024
.3796618724557198
.404924157845885
.4307883743270623
.4571747146003433
.4840017602880695
.5111867331604962
.5386457505584509
.5662940842238471
.5940464217394005
.6218171297708427
.6495205182993643
.677071105028963
.7043838791528423
.7313745636649647
.7579598754073736
.7840577820508727
.8095877552161107
.8344710189540462
.8586307928190622
.881992528784705
.9044841412710162
.9260362295736695
.9465822920085897
.9660589311112782
.9844060492576784
1.0015670341029665
1.0174889332660757
1.0321226177209384
1.0454229333902882
1.0573488404742544
1.0678635400838348
1.0769345877885061
1.0845339937276002
1.090638308976548
1.0952286979014896
1.098290996278997
1.0998157550015686
1.0997982692340431
1.0982385929309588
1.0951415386700725
1.0905166628025422
1.084378235965604
1.0767451990487198
1.0676411047490786
1.0570940448967807
1.0451365637739567
1.0318055576952831
1.0171421611597564
1.0011916199250115
.9840031513958364
.9656297927576684
.9461282373236745
.9255586596003916
.9039845296117028
.8814724170540834
.8580917858874123
.8339147799951722
.8090160005754082
.7834722759493271
.7573624244978376
.7307670114574987
.703768100326336
.6764489996465758
.6488940059456394
.6211881436285902
.5934169026246168
.5656659745970812
.5380209885310998
.5105672465145163
.4833894605275644
.45657149105337524
.43019608831589273
.40434463694363176
.3790969048471473
.3545307970851016
.3307221154783866
.3077443247140514
.2856683256607614
.2645622365952246
.244491183014673
.22551709668393413
.20769852453716253
.19109044802390251
.17574411345689545
.1617068738851239
.14902204298001412
.13772876138564447
.12786187594535586
.11945183217742732
.11252458033159105
.1071014953162686
.10319931074359683
.10083006729576002
.10000107557194701
.10071489353057671
.10296931859639485
.10675739445679752
.1120674325264108
.11888304801369219
.12718321047827155
.1369423087230229
.1481302298206408
.16071245203087292
.1746501513216978
.1899003211657685
.20641590524247205
.22414594263613358
.24303572508234628
.2630269657772123
.28405797922862114
.306063871594608
.3289767409214799
.35272588666384974
.3772380278400782
.4024375291499731
.4282466343570428
.4545857062151595
.4813734721993159
.5085272752822413
.5359633289830763
.5635969759011161
.5913429489368839
.6191156343945179
.6468293361536106
.6743985400953856
.7017381779672952
.7287638898718208
.7553922845695719
.7815411967934661
.8071299407800078
.83207955923538
.8563130669681241
.8797556884366496
.9023350884785818
.9239815955100346
.9446284165060479
.964211843098884
.9826714481582324
.9999502722467254
1.0159949993754627
1.0307561215172123
1.0441880913696677
1.0562494628973877
1.0669030192187594
1.0761158874433787
1.0838596401054945
1.090110382880535
1.094848828314059
1.098060355335625
1.0997350543739475
1.0998677579341276
1.0984580565426094
1.095510300010662
1.0910335840124903
1.0850417220193833
1.07755320267651
1.0685911327538766
1.0581831658474716
1.0463614170506144
1.033162363858789
1.0186267336137316
1.0027993778340882
.9857291338204064
.9674686739614818
.9480743432070736
.9276059852084586
.9061267576633056
.8837029374346438
.8604037160452433
.8363009861784648
.8114691198443136
.7859847388952425
.7599264785997677
.7333747450034338
.7064114668258408
.6791198426592437
.6515840842488229
.623889156646728
.5961205160417059
.5683638460732612
.5407047934439939
.5132287036458982
.4860203576161044
.4591637101346089
.43274163077121763
.406835648181057
.3815256985376271
.3568898788796706
.33300420613291515
.3099423825502784
.2877755682942701
.26657216186335086
.24639758903974912
.22731410100995614
.20938058228085543
.1926523689841552
.17718107812977907
.16301444833507797
.15019619252131663
.13876586303194027
.1287587295888381
.12020567046317228
.11313307719658286
.1075627731667581
.10351194624865423
.10099309577914173
.10001399398872546
.1005776620193492
.10268236060228074
.10632159542484539
.11148413716944511
.11815405616303358
.12631077153012998
.1359291146977023
.14697940705597165
.15942755153550237
.1732351378180042
.1883595608562137
.2047541523371303
.22236832468297885
.2411477271455585
.2610344135123173
.2819670209066989
.30388095913102603
.32670860996769846
.3503795358237155
.3748206970747544
.39995667743812835
.4257099166792254
.45200094993339757
.4787486529048032
.5058704921856444
.5332827799234
.560900932050242
.588639729277822
.6164135800521369
.6441367846570506
.6717237996515574
.6990895018248612
.7261494508547586
.7528201498588969
.7790193030349211
.8046660695945513
.8296813132080088
.853987846189139
.8775106676677465
.9001771950142264
.9219174878024081
.9426644636195632
.9623541050576385
.9809256572470302
.9983218153233975
1.0144889012490357
1.0293770294432283
1.0429402607104887
1.0551367439917432
1.065928845501038
1.0752832648493347
1.0831711377970543
1.0895681253183247
1.094454488702112
1.097815150458502
1.0996397408421934
1.0999226298496543
1.0986629445912073
1.0958645719844413
1.0915361467606362
1.0856910248212122
1.0783472420264137
1.0695274585433898
1.0592588889253907
1.0475732181378392
1.034506503790375
1.020099064876554
1.0043953573645203
.9874438370225085
.969296809902466
.9500102709431442
.9296437311906556
.9082600341696392
.8859251619716537
Output_flow
.10818839372153187
.23572525762415045
.8596685562309776
.7781204792658925
.2752533869651415
.4966176892859122
1.383648688958578
.6595815097935775
.23135242323048638
.9576413105746031
.5901694049377841
