System_realization
5
5.022150789910568
5.00045276358179
5.346661497257662
5.265083884454106
5.482949886123324
5.926320625058678
5.904489860757105
5.938156513998617
6.323115986086723
6.3229280890938595
6.1019984207207685
5.629116147054848
4.928860191376522
4.234428081320331
4.2437142435651305
4.3968997453361105
4.106815833503489
4.353978792907366
4.629408798905348
4.363972557685827
4.54198959747135
4.529145145548873
5.802199211061133
5.4690913454217895
5.519518500255274
5.169832627216558
4.690109751759615
4.641858659823861
4.38404503603809
4.437900442696446
4.437234912749375
4.625352641070269
5.894267903225058
6.538752437711238
7.119652593281076
6.997450214287053
7.658434028750879
7.396889586891998
10.061718219815624
14.092252023209332
23.768891203517523
24.993716115865823
26.365279409777973
28.624832249510817
29.26868179628335
30.091801033045858
28.954706381158463
29.739017996435983
27.825488568343125
26.451944341988906
22.984311574731386
19.71863723911042
18.00839735770754
18.561097226572986
17.04521361574824
17.30942496156929
15.423570520651804
13.554738055802526
13.96581980324265
14.67849778263765
14.762031364783489
15.340715734533617
15.293279983896673
16.596028165329148
17.839809161936763
16.74583431327152
14.5602078954742
13.629348995597097
13.729887373320853
13.659050036691005
13.325257363926143
13.648954676789872
14.460852507414815
14.150381024234832
12.373614471416799
12.249128477063639
12.33706788195864
12.474894902595633
13.541710825571357
12.435546571124558
11.088844661234127
11.436022434401096
11.426478713064569
11.953003636502444
11.453146023959858
11.693322509688718
11.685890113100234
11.694218692833855
12.623513304510071
11.788589273114155
13.5814643612857
12.486414351458057
12.857417622572047
11.827621522946112
11.020006202851663
9.800448137273804
11.01784730657519
11.373574517950022
11.142517418977194
11.961630274635365
12.871844987129101
12.427081150561675
11.02052152560946
10.387335293397838
10.456239064790514
10.3884566644085
10.019646823852007
9.25732687786974
9.293167952095192
9.682039638258727
8.946659937301991
9.190143138945631
10.467477264117965
11.49691454492063
11.90719012944454
10.653001913067827
10.182933938558186
9.952507134271679
10.524752701905616
10.270695423134832
11.04890693786206
11.358094955935526
11.565634966351938
11.700417682771727
12.43704741560876
13.389179140453074
11.46144950555044
10.823333398272291
9.737177028224256
8.828615416161359
8.514558010977938
8.52424938597846
8.381083367981695
7.688320357981705
7.096881903450388
6.7541030778940145
7.482841150410737
7.447389505453179
7.157836794285658
7.564035984157333
7.3316627973140704
7.02538135632523
7.511422484483234
6.65890835458906
6.295267109739097
6.0688143713099745
5.772966691716613
6.091188525663138
6.256180412869859
6.306052947490893
6.064563696720222
6.287846614046467
6.1008230112935244
5.631551333598704
5.318895085728381
5.186902613048682
5.045169216105626
5.2124979451794955
4.826537565766464
4.42449702267588
4.100120430557208
4.287642284940749
4.2073570008241585
4.429540052423953
4.712124209606068
4.437188780390081
4.310507828208449
4.47815347339808
4.722172075166836
4.475811564281491
4.741602580232434
4.6308678550748335
4.496969755860093
4.250510460942388
3.9827213302141535
4.194367327719255
4.174995186543413
4.298793442708066
4.292665533066767
4.5629104366626265
4.742373529759597
4.588343029955343
5.293581683921547
6.983274319393114
8.386343901982391
10.151483146081508
10.802515177052996
10.863133611667413
10.76317979129041
11.80044955116817
12.405850329207235
12.81657018192487
13.307915491404565
12.315801389446342
14.17255738435903
13.583095023942814
12.260837562563404
12.301905178799517
10.94777033770006
11.941774587524012
11.788015569555748
12.043966520525267
12.595685866423716
15.576369059965876
15.491471726641594
15.71729450326498
18.510140772993623
19.9709428542776
19.782026744825483
18.11377231565454
16.318465187548604
15.930867540919984
15.311308883746648
14.635681873820566
15.879210551300178
15.323588510455043
15.912396009322817
15.737320746214104
17.88997080914377
18.09518138150545
19.04975524641628
20.080166968951467
21.162920044154642
22.348677587602136
22.37793075229475
23.92469342270708
24.191335333282623
24.766084324890695
21.961328961093887
24.5404310231156
28.175782898125128
31.530382825749776
31.611930727965497
28.83887258627911
33.507514658933346
33.03806730714637
32.67180617941632
31.3479204198845
27.66096467105752
24.269372181751827
21.756014578469514
21.75568235017892
21.335620040327477
20.332429408086064
21.57498302782119
20.63079903199149
18.65958009747658
15.935813597830961
14.319414963621453
13.149626715212776
12.78244711870368
12.211076201122458
11.34531126268785
10.634005232916538
9.860057981978615
9.287803435938608
9.973127679164168
10.018597042911777
9.627359564752908
10.154147374283813
9.577434707990914
8.421560665171166
7.850946652249667
7.187746112413128
6.771025039178734
5.678663134874515
5.75289968993959
5.8849261064408465
5.987472723274108
5.745535560505633
5.617798525960603
6.120662135421195
6.316304266455299
6.019204306771753
5.951099803692905
5.600576604095147
5.508954582708365
5.634471163164259
6.131969729332425
6.138296092492727
6.582453340658817
6.628291205213987
6.752497270949856
10.590662155636574
11.707325899028493
12.841148332512345
13.295623760966704
14.071989348468449
14.27180625902891
13.166790209431817
13.33802462068676
13.3182719713782
13.410038305116469
13.061416188133773
12.674571911812695
12.173635869248317
12.742557571106033
14.267909558182689
14.748145448309947
14.387049212862129
14.061259152079225
14.059900610192626
13.587886094129106
13.39657737421606
13.64029646900137
13.04903115665036
12.220491615891676
12.06827675465318
12.149765145927582
10.827955613765539
10.460641980554685
11.035241778409423
10.881848480898864
9.578293349632098
8.953095058985546
8.959683600715769
9.273743970618344
10.062371004754903
9.37820149692588
9.093434756942811
9.297614709568526
11.55374385562252
11.498576130272387
12.82943077599607
13.992728674748019
14.594854823920416
15.525323949374727
17.09077026407344
17.348761670103826
18.6564714086407
21.45912305652223
29.53051386869506
37.650278499647854
40.24121357696855
37.93772259156191
37.00738038581865
36.619403580119084
40.532600441064034
43.39559599374433
45.829669618757784
42.58165466555354
43.870745739673715
47.43078025507151
46.05731997302729
45.07415800549108
43.02225960784929
42.383131223747796
44.619058156630544
46.42853285734978
48.43221571270941
42.79246369201541
40.60180947894298
35.85354769435301
35.12647094040188
31.020832533831825
30.976441412934648
31.351894487762774
30.89798154016633
30.78850609856298
30.169287148593426
28.667123127088615
26.14747997490326
24.63371278281266
25.962107637339855
27.49039544092664
35.77992286394812
36.322124173991064
40.86214531350718
48.80553452364216
49.68047053971654
48.47211854294758
49.97759181807554
57.36436941027596
60.935841774140776
71.63587032247385
96.13663243630997
103.80495459123621
97.66865597068605
95.68275359065497
103.8518712526059
109.057047137351
105.25564980106283
104.15178244463577
99.8125628277967
103.19205700806228
102.84015575801122
105.7451714734834
107.97987454651692
104.93496214457987
108.02642691863645
103.8493414037276
108.2274624062846
113.27444079309907
119.55680005561217
121.00913470236502
130.59922778476835
145.45972976255106
150.05575027595296
155.53016525496642
144.71531041801535
145.5600080139299
149.83943772692817
132.9000529832818
131.02740953926426
143.54236795414838
127.3271580249945
128.10769302493173
125.31652827088315
135.47766349127662
119.07017120996031
127.081914402528
116.2760993722353
108.64301680514485
108.56607897206325
109.48379065308283
89.66318964681135
92.91425386117784
91.47708896390326
93.4085954309376
95.06338823052477
93.29755774383058
95.62971187774153
94.79150050924494
89.29633537050701
78.87813078338726
74.21449457446857
75.34246049676378
80.06456490981239
74.93304411773174
73.5896600790839
69.73512486280711
78.02975699304392
82.05617235633893
80.3968859406606
80.51734604439814
84.18060479806313
79.3745546519744
74.07385189187573
66.95061586929923
73.66521963757965
79.19019974765439
72.39979103048944
61.085307941098634
65.76077647650528
63.65196659150945
60.96393088554166
62.4695628640449
63.31150922900309
65.98931929640385
64.05269492089437
63.455958042134775
65.14434277781763
66.225191430106
62.17796779874351
56.81972679147209
55.04119559337622
50.547582497038654
48.82970810553696
48.128543775640566
52.52947623154193
55.77309348141033
53.55814599894539
53.82509381311007
55.28724115033552
57.94459981522599
57.42646027934952
56.65565717564693
55.73527647644484
60.11531475642372
59.03912470807539
56.265435821856336
55.447120272666226
55.68470604112763
57.09709911621493
55.717164336308976
53.26082232435071
52.880974284080736
51.84070714695842
52.65944306100991
48.374073793049526
50.083808777730994
48.343217870253945
45.89539547896048
43.81849375002562
41.07679123974105
40.64469065319397
32.694309721263174
29.782417091796148
29.317411129372527
26.000185377297036
26.322845582147377
27.408994339859102
26.130674214950428
24.12152668581269
24.392129993846904
20.55436147807937
20.437292028977
20.775839716632056
19.964636568019078
17.059586927589937
16.12293552229374
16.349124299364032
14.940969687182658
15.11874026526758
15.42472765251669
14.35139675613071
14.741980148997898
14.840669124343476
14.91012422672929
15.081684502877119
16.401702741198434
18.324665242775446
19.48828859277916
20.388544119486085
20.273933725686845
20.710895047513848
22.48945534398371
25.28316237455184
27.762037047227917
32.76882628041917
40.181097820100725
38.40573167211337
39.14989680493906
40.966807365972485
41.0515232854246
41.07969290349462
37.6228964923841
35.91316287645052
36.213966248801405
36.829116641765694
36.12278350697965
34.93764407768596
37.02293949177521
35.907694028325494
32.47348580965289
34.14477042081518
36.38344757913821
34.90910049576314
32.48108301548529
32.046496910961736
29.992995352233827
26.37027724897959
23.27083609973482
23.38388731737417
22.30233437647999
22.476792516100424
22.77503277592753
22.692241571272913
25.412349289979026
25.696782694478173
24.843456079004273
24.24226887251842
25.64225274586259
27.037605603083538
25.142131573308426
23.494766671432973
22.975478789432202
21.53453363911388
21.177801609291155
19.511700411723435
17.90967941436904
17.66712409362452
16.15534361658778
15.823710706726073
16.921619210169794
14.244902548002532
14.405447813240874
14.428312209546696
14.609459185603164
13.97023295642707
12.120560227886632
10.953745342675616
10.866893981253138
11.096069777625521
12.36473573023924
11.459296025516181
12.039486885654254
11.531972422948034
11.064297805482227
12.037673079173635
12.105115687155909
11.592785470940594
11.626673511618181
10.675117128804587
9.85265702272389
9.947695103514455
10.77455750871331
9.828346045343885
8.857169206688909
8.046481486202614
7.9101169324580285
8.828918963872043
9.293703540257681
8.519844870641762
8.010624877931116
8.621193020657023
9.287670849396818
8.86368404620574
9.06823858859667
9.020776200463116
Rain_input
.1
.1
.1
.1
.1
.1
.1
.1
.1
.1
.1
.1
.1
.1
.1
.1
.1
.1
.1
.1
.1
.1
1.2000000000000002
.1
.1
.1
.1
.1
.30000000000000004
.30000000000000004
.2
.5
1.4000000000000001
1
.1
.30000000000000004
.1
.2
3.4
3.3000000000000003
9.9
1.2000000000000002
.30000000000000004
.1
.1
.1
.1
.1
.1
.1
.1
.1
.1
.1
.1
.1
.1
.1
.1
.1
.1
.1
.1
.1
.1
.1
.1
.1
.1
.1
.1
.1
.1
.1
.1
.1
.1
.1
.1
.1
.1
.1
.1
.1
.1
.1
.1
.1
.1
.1
.1
.1
.1
.1
.1
.1
.1
.1
.1
.1
.1
.1
.1
.1
.1
.1
.1
.1
.1
.1
.1
.1
.1
.1
.1
.1
.1
.1
.1
.1
.1
.1
.1
.1
.1
.1
.1
.1
.1
.1
.1
.1
.1
.1
.1
.1
.1
.1
.1
.1
.1
.1
.1
.1
.1
.1
.1
.1
.1
.1
.1
.1
.1
.1
.1
.1
.1
.1
.1
.1
.1
.1
.1
.1
.1
.1
.1
.1
.1
.1
.1
.1
.1
.1
.1
.1
.1
.1
.1
.1
.2
.30000000000000004
.7
1.2000000000000002
1.5
2.1
1.2000000000000002
.6
.4
.4
.2
.6
.7
.2
.6
1.1
.9
.2
.2
1
.1
.1
.6
3.1
.2
.7999999999999999
1.6
.9
.2
.1
.1
.1
.1
.1
.1
.4
.5
.6
3.1
.2
2.1
.5
.6
1.4000000000000001
.1
.30000000000000004
.2
.1
.1
.2
5.3999999999999995
2.3000000000000003
2.8000000000000003
.4
5.1
2.2
3.6
1.6
.30000000000000004
.1
.1
.1
.1
.1
.1
.1
.1
.1
.2
.2
.1
.2
.1
.1
.1
.1
.4
.1
.2
.1
.1
.1
.1
.1
.1
.1
.1
.1
.1
.1
.1
.1
.1
.1
.1
.1
.1
.1
.1
.1
.1
.1
.1
3.5
1.6
.2
.1
.1
.1
.1
.1
.1
.1
.1
.1
.1
.2
.2
.1
.2
.1
.2
.1
.1
.2
.1
.1
.1
.1
.1
.1
.2
.1
.1
.1
.1
.1
.1
.4
.4
.30000000000000004
1.8
1.4000000000000001
1.2000000000000002
.30000000000000004
.2
1.2000000000000002
.7999999999999999
1.5
.6
1.6
8.799999999999999
9.1
4.699999999999999
.9
.30000000000000004
.30000000000000004
1.1
.6
.2
.30000000000000004
.1
.1
.1
.2
.1
.2
.1
.1
.2
.1
.1
.1
.2
.2
.1
.1
.1
.1
.1
.1
.1
.1
.1
.2
10.2
2.2
1.5
6.8
5.3999999999999995
4
3.6
9.6
.5
12.5
17
4.3999999999999995
.30000000000000004
.2
.1
.1
.1
.1
.1
.1
.1
.1
.1
.1
.1
.5
.5
1.6
2.7
6.5
6.8
4.8999999999999995
1.1
4.3999999999999995
1.1
.7999999999999999
.30000000000000004
.5
.30000000000000004
3.9
.4
1.2000000000000002
.2
.1
.1
.1
.2
.1
1.1
.7
.30000000000000004
.7
.2
.1
.2
1.5
.1
.1
.1
.1
.1
.1
3.3000000000000003
.1
.1
.1
.1
.1
.1
.1
.1
.1
.1
.1
.1
.1
.1
.1
.1
.1
.1
.30000000000000004
.1
.1
.1
.1
.1
.1
.1
.1
.30000000000000004
.30000000000000004
.4
.6
4.1
2.6
.4
.2
.1
.2
.5
2.3000000000000003
1.7000000000000002
1.9000000000000001
2.2
2.3000000000000003
1.6
1.8
.7
1.9000000000000001
1.2000000000000002
1
.7
.30000000000000004
.2
.1
.1
.1
.1
.1
.1
.1
.1
.30000000000000004
.2
.1
.6
.1
.1
.1
.1
.1
.1
.1
.1
.1
.1
.1
.1
.2
.7
.4
.2
.1
.4
.2
.2
.5
1.1
1.9000000000000001
1.2000000000000002
1.7000000000000002
3.1
2.2
4.699999999999999
4.199999999999999
2.4
.9
.4
.2
.1
.1
.1
.1
.1
.1
.1
.1
.1
.1
.1
.1
.2
.1
.2
.1
.1
.1
.1
.1
.1
.1
.1
.1
.1
.1
.1
.1
.1
.1
.1
.1
.1
.1
.1
.1
.1
.1
.1
.1
.1
.1
.1
.1
.1
.1
.1
.1
.1
.1
.1
.1
.1
.1
.1
.1
.1
.1
.1
.1
.1
.1
.1
.1
.1
.1
.30000000000000004
.1
.1
.1
.1
.1
.1
.1
.1
.1
Output_flow
.09650399245198078
.0963363185984409
.274487484196935
.22346851933044434
.20076922335920214
.12904706729475546
.08017827815417351
.32651520289646
.509669863669745
.11607014707259465
.327997181790801
.3797516770296711
.6125532377770999
2.3437905503088143
1.3817635649765236
1.088698860525498
.8794659529556411
.2590356465333564
.5762920036285887
.2838828207161295
.18120949281593665
