System_realization
5.000138888760288
5.590023853445528
4.4886900811457515
4.702177828562745
5.981067408169135
6.923010992432194
7.85799561217671
9.662507046373845
8.209124820619444
9.227901197707757
10.795111058666658
11.827409221619902
11.33523282315649
12.512031164881819
14.765392981501767
15.206476744000403
13.813194502415161
16.133283385956943
14.136103899935568
15.789300097725183
16.75123923371964
15.279629689702354
18.231941497739566
19.32303431165255
20.43837582398454
21.35011168023951
21.788912627442354
22.4123314132174
18.834298511778332
22.009922315086584
20.12653611472815
23.18395011495098
24.214308680347347
25.174057911709344
32.99237033732949
34.59257022351454
37.26841836238446
42.249746705690065
46.46561865186671
45.84213771874628
45.10579663282382
50.64914179297395
59.49595506409154
62.983530140298015
60.22009298569463
54.745989241348525
43.842009749147685
37.028774776635615
42.82674489728608
52.30554282372341
49.79403194898147
58.93604307048491
43.403055470962286
43.52417894301657
51.96085988427589
46.7381195070359
42.86796228905052
42.57290839737809
32.27332992353001
32.16129144460469
36.16929250696706
33.019805707976495
29.402661107097675
29.236441091428368
27.916458638454767
37.54035782693441
30.283314757822016
30.51576410134455
24.32671274153938
18.774873436883833
15.393761430670278
16.41402022893334
16.670707184559056
15.043486315878882
14.264833470005042
14.351552661113562
13.456486642590253
10.400309454431433
7.8211213013185095
7.394048780972743
7.964502574508764
9.54825754754666
10.825772444442428
12.245529683517809
13.278348205716473
14.26866951944087
12.905330722288744
15.021238370895706
15.273324419971209
14.708310648991814
14.006038134896336
13.597924265572049
14.038979098646575
15.379337536267482
14.578794048550936
16.099343731280918
18.69947396427927
17.768363577793895
18.298407236751125
22.02453413310469
26.74706758461442
27.294065642333372
25.715600216885147
29.758986214794817
31.514480115130564
29.460580517574453
32.03504518895206
32.74365133288979
31.796304448967916
37.27389668901798
37.17543171352902
40.688758184366016
42.7031974781835
50.60265817203335
50.335626612376515
48.30530410454326
41.7103905782791
48.488405891335965
49.91314987184826
46.00512599540707
42.505916651779835
41.05815614674765
37.43457886701363
40.33106052651809
35.72378732668503
32.6740111276416
37.561351856408585
32.838124700946985
32.58400455115035
35.41757911788508
40.79848719189551
48.02630184311899
51.462800840989196
41.38242393213933
39.08136114095275
38.82690641380421
41.51406976903025
30.954219070111435
32.131865903174685
31.3196392657226
25.74992810911028
25.714384184627665
24.29360815181596
20.966139071742724
22.52544481321411
22.26218916263472
21.31416133207146
21.76404137693836
21.76699840243126
22.579303899156766
19.869460828804925
17.707446538246714
15.17866545616845
15.811244324852503
13.04812717572667
16.043959458357907
10.996868698048544
10.417655397134007
12.417003080166808
11.671199185610813
10.862985633516436
10.164910690252354
11.019397289735505
7.6470083866950525
9.161630740480557
10.033144383436124
9.732486195543059
10.516951285186755
14.231123077190045
17.968398433110952
19.929287468245864
25.815788074627147
26.761529414929814
30.89211488848654
32.11256625618691
34.866236385922036
28.23290290266572
27.642331357491873
34.492166807588596
37.778622113116306
44.0294138380158
30.830495944474784
35.855479171853744
40.273370419487335
41.56768612272319
43.58093096903073
51.334542129635324
53.05919608988188
49.968958968661745
56.17878128754294
51.836874177034595
49.036503986932935
64.14709521037842
68.75031125053948
78.2076457727355
79.27350249870453
81.60244664099174
72.86026943798234
57.417280008472574
52.24500817579997
49.07289841375841
Rain_input
.10000277777520576
.10187660272221684
.10720761654521965
.11595881973407801
.12806947520540782
.14345552984384588
.16201019786652776
.18360470196197554
.20808916705957542
.23529366052650458
.2650293715726962
.29708992167826864
.3312527969484942
.3672808924551535
.404924157845885
.44392133280030166
.4840017602880695
.5248872650441573
.5662940842238471
.6079348368379295
.6495205182993643
.6907625062384035
.7313745636649647
.771074825575449
.8095877552161107
.8466460564256708
.881992528784705
.9153818526962761
.9465822920085897
.9753773023627456
1.0015670341029665
1.0249697193184661
1.0454229333902882
1.0627847222874571
1.0769345877885061
1.0877743237905415
1.0952286979014896
1.099245973584993
1.0997982692340431
1.0968817516812261
1.0905166628025422
1.0807471790301495
1.0676411047490786
1.0512894017058771
1.0318055576952831
1.0093247989065162
.9840031513958364
.9560163581991551
.9255586596003916
.8928414450210413
.8580917858874123
.8215508596580577
.7834722759493271
.7441203163764407
.703768100326336
.6626956893926111
.6211881436285902
.5795335431089494
.5380209885310998
.4969385947330208
.45657149105337524
.41719984241226027
.3790969048471473
.34252712899940796
.3077443247140514
.2749898994911242
.244491183014673
.21645984938776358
.19109044802390251
.16855905339111282
.14902204298001412
.13261501197732556
.11945183217742732
.10962386166352847
.10319931074359683
.10022276854172266
.10071489353057671
.10467227015279625
.1120674325264108
.12284905506977944
.1369423087230229
.15424938029362154
.1746501513216978
.19800303175337142
.22414594263613358
.2528974410159213
.28405797922862114
.3174112898459876
.35272588666384974
.3897566713151256
.4282466343570428
.46792863902631565
.5085272752822413
.5497607712698702
.5913429489368839
.6329852102313646
.6743985400953856
.7152955123528113
.7553922845695719
.7944105680412439
.83207955923538
.868137819283542
.9023350884785818
.9344340231837707
.964211843098884
.9914618774505264
1.0159949993754627
1.0376409385417324
1.0562494628973877
1.0716914213450246
1.0838596401054945
1.0926696665496514
1.098060355335625
1.099994292783579
1.0984580565426094
1.0934623087475848
1.0850417220193833
1.0732547388221112
1.0581831658474716
1.0399316062414246
1.0186267336137316
.9944164128690626
.9674686739614818
.9379705456948839
.9061267576633056
.8721583193402129
.8363009861784648
.7988036233669003
.7599264785997677
.719939375846696
.6791198426592437
.6377511840113
.5961205160417059
.5545167733457642
.5132287036458982
.4725428637592658
.43274163077121763
.39410124221785026
.3568898788796706
.321365803492571
.2877755682942701
.25635230384659946
.22731410100995614
.20086249729969125
.17718107812977907
.1564342026517243
.13876586303194027
.12429868508468121
.11313307719658286
.10534653344962476
.10099309577914173
.10010297889973839
.10268236060228074
.108713338877392
.11815405616303358
.13093898985384456
.14697940705597165
.1661639804312091
.1883595608562137
.2134121015342279
.2411477271455585
.2713739406164775
.30388095913102603
.33844317011325886
.3748206970747544
.4127610644597913
.45200094993339757
.49226801195069547
.5332827799234
.5747605938649295
.6164135800521369
.6579526489917694
.6990895018248612
.7395386312438197
.7790193030349211
.8172575044935276
.853987846189139
.8889554038812681
.9219174878024081
.9526453270285592
.9809256572470302
1.0065622009017487
1.0293770294432283
1.0492117982286122
1.065928845501038
1.0794121478209633
1.0895681253183247
1.0963262911767626
1.0996397408421934
1.0994854775604248
1.0958645719844413
1.0888021547436142
1.0783472420264137
1.0645723953871524
1.0475732181378392
1.0274676918204162
1.0043953573645203
.9785163466139071
.9500102709431442
.9190749746780462
.8859251619716537
Output_flow
.1113072761427998
.36330506574666366
.9220766530380707
.7107864691062894
.16139387646174091
.5426811472970006
.834818898782629
.501527242040047
.19674384258545108
.8009815847873959
1.1455743379180956
