System_realization
5.000138888760288
5.005839330208441
4.402469220330562
3.7121047719953064
4.639021641692664
4.927642347943979
4.762577351714887
5.31851024905475
5.28325376041941
6.079844031534132
6.66771504554389
6.19428450709038
5.9255208080235136
5.947181107524635
6.459720601141233
8.677044988700121
9.09984812327452
8.918100867400838
9.314561377815732
8.907307251974274
9.413710476872119
8.915800151208442
8.84701471310408
9.468920784079923
9.14945858632871
8.80453078954642
9.527560778884505
11.58278097900719
12.391909857744539
14.554048660993832
15.75812439647791
15.326224817665913
19.08855828053522
19.790623873708768
19.27011490947465
19.508926183378364
20.15737748897239
16.763568085940875
16.65682392999317
16.895326900014098
18.175797279717372
20.77038356443409
23.384614738652807
21.978177760940866
19.06260497017582
20.202495791787094
20.559638396751
20.06154654370918
19.970167559695224
18.51953133145317
25.103176486027184
24.93847540722902
30.312865061339252
31.978673669949597
30.975040520902972
31.007454401637833
32.021007549093326
28.672395472138657
30.366270681362323
27.78536162677919
27.514986279268413
31.533766887745138
33.79814490163468
32.55595015922813
28.608008458634938
26.1909150485707
31.36689563881072
39.958325245303506
34.7114684949954
37.92435532224324
38.723100656162934
40.72425604584875
41.0998017349211
34.93025920291448
37.62953396194616
38.87806553115778
35.95693314064921
33.74805630978383
32.71720406431938
33.85076488041423
30.439889783952363
24.2484752816507
22.298006026903646
21.24926173241417
19.361517347284405
22.426968448296883
23.901280289604717
26.427125301770552
26.33279517409989
21.822438366272788
20.106780044676253
18.57070691695304
16.00801688986109
14.539936442652506
11.867381364580899
13.405820995929812
14.45178549296079
13.884944139699016
16.471377741597443
15.272168560204673
15.175821406589558
14.058066258031113
13.83719969230302
14.44312987966037
14.729614618184055
14.228901566884403
14.315929360765047
13.56946283967488
11.575601359625166
9.85143766471918
8.992885704255974
8.647455079815487
7.344355261432105
5.802734463070616
5.524030847414378
5.4343776972454805
6.050274526997633
6.287645336498543
6.690778532369259
6.9981127769196485
7.109893462349654
7.505626485769086
6.59086847027604
6.555970537324642
6.149066188679194
6.457073402910157
6.991689967464922
6.623199778459793
6.501485241390074
7.711167026294461
8.52727270942024
8.961416866692193
9.212499517496795
8.995757380887888
11.210159094784393
11.414144678288539
13.217514426593317
17.734888388934174
18.000747438329164
15.881106597904711
17.14088004691715
17.185141103561474
18.553256581771944
17.892120804308263
17.60396628345269
21.72310611914281
23.407385627449777
24.390583557196333
27.943699274559258
30.794785435016447
31.8802920535582
26.58022925211324
24.659602780273293
28.60466581635341
30.423605773640897
29.64062946353492
27.426190105121258
33.63779634273753
35.99261050862385
40.83105901387645
41.100307686692545
38.73687322517206
40.91729204077471
46.25730656580507
44.12064620275505
42.6369779939828
42.046493982161536
42.59641892114351
39.439876510320914
39.32903525303551
34.014878242981034
37.26071407019099
37.90194939075866
40.21096626714315
51.21359281331746
50.515681178146856
51.75471086681694
53.76015833639149
55.482839630456446
67.35654184044178
63.45667264442462
68.95743977377813
77.26355164104281
72.00926462786664
69.02766771410178
63.32670584178687
59.81844159308758
56.105953348491596
49.21271075430569
51.47566738668006
43.1942646215297
38.19501208544148
37.86225042922156
34.479540962238936
28.351127465611203
26.22695693954197
23.933323900404694
28.453223425225257
24.385930055371112
26.193160278997777
24.31418336985625
26.004002416859088
27.980846815559705
25.0403367151444
23.356995680836924
22.226895808896284
23.986344826076532
21.682648517045916
23.984286016545017
22.594560102856867
20.747056094151503
23.007550287724527
20.18836927413283
21.670234582971748
22.2888676349463
21.16190856136212
21.29016596672879
23.50086120703601
24.52205456558167
28.96691633221515
22.494642201148817
24.758441861036083
27.161440480889837
27.655687744315642
31.962174251583342
36.17085981149636
30.852697627099808
25.381188871551945
24.342993846645832
23.333450522080664
22.64300074160782
20.40806011023856
18.84217053196391
15.916133361989806
17.23767224210553
16.483939236410794
16.19455359331919
15.911865793890039
17.383987294332037
16.44101993413695
15.330211171357139
16.14427447990274
13.892549181893896
13.133493528888696
14.718074259379234
15.919945382835373
13.130335397374008
12.30121821477753
12.384095747021606
13.020737028473553
12.001329570845039
13.246866492167829
14.61930173642915
18.63220517706367
19.78932820856137
16.603740970546166
23.863885503245754
27.686663568578847
29.47415625402429
29.398260194165466
26.45174889033279
27.865898743305397
23.089088816378727
26.758695683494924
24.891952061002247
22.802423619602198
24.6997459777057
20.07566847598623
20.41809470281049
23.840775389030384
29.751186828048
28.058169725666385
34.24650281009287
39.60497776853821
43.138086861744995
44.553217753657016
44.08966333305127
48.51029900619054
48.88884856281051
50.34039997891019
49.544315415570836
48.85835566196134
45.42507582657058
39.664903098109995
47.25467491542191
45.418203467202076
40.88929334140203
48.16129395007445
46.17341725446002
38.263816033429876
37.67402355370705
39.5075179692187
34.71994500552532
30.560725364716152
38.500011618079895
31.67685541309049
31.083412804918737
30.99091584615578
31.967667352940325
33.54075311669696
32.82287989317249
Rain_input
.10000277777520576
.10086672478887419
.1032708104152525
.10720761654521965
.1126649956674142
.1196261083509111
.12806947520540782
.1379690431585893
.14929426584616562
.16201019786652776
.1760776026091876
.1914530733242832
.20808916705957542
.22593455105165422
.24493416111964889
.2650293715726962
.2861581761068962
.30825537913357615
.3312527969484942
.35507946812125024
.3796618724557198
.404924157845885
.4307883743270623
.4571747146003433
.4840017602880695
.5111867331604962
.5386457505584509
.5662940842238471
.5940464217394005
.6218171297708427
.6495205182993643
.677071105028963
.7043838791528423
.7313745636649647
.7579598754073736
.7840577820508727
.8095877552161107
.8344710189540462
.8586307928190622
.881992528784705
.9044841412710162
.9260362295736695
.9465822920085897
.9660589311112782
.9844060492576784
1.0015670341029665
1.0174889332660757
1.0321226177209384
1.0454229333902882
1.0573488404742544
1.0678635400838348
1.0769345877885061
1.0845339937276002
1.090638308976548
1.0952286979014896
1.098290996278997
1.0998157550015686
1.0997982692340431
1.0982385929309588
1.0951415386700725
1.0905166628025422
1.084378235965604
1.0767451990487198
1.0676411047490786
1.0570940448967807
1.0451365637739567
1.0318055576952831
1.0171421611597564
1.0011916199250115
.9840031513958364
.9656297927576684
.9461282373236745
.9255586596003916
.9039845296117028
.8814724170540834
.8580917858874123
.8339147799951722
.8090160005754082
.7834722759493271
.7573624244978376
.7307670114574987
.703768100326336
.6764489996465758
.6488940059456394
.6211881436285902
.5934169026246168
.5656659745970812
.5380209885310998
.5105672465145163
.4833894605275644
.45657149105337524
.43019608831589273
.40434463694363176
.3790969048471473
.3545307970851016
.3307221154783866
.3077443247140514
.2856683256607614
.2645622365952246
.244491183014673
.22551709668393413
.20769852453716253
.19109044802390251
.17574411345689545
.1617068738851239
.14902204298001412
.13772876138564447
.12786187594535586
.11945183217742732
.11252458033159105
.1071014953162686
.10319931074359683
.10083006729576002
.10000107557194701
.10071489353057671
.10296931859639485
.10675739445679752
.1120674325264108
.11888304801369219
.12718321047827155
.1369423087230229
.1481302298206408
.16071245203087292
.1746501513216978
.1899003211657685
.20641590524247205
.22414594263613358
.24303572508234628
.2630269657772123
.28405797922862114
.306063871594608
.3289767409214799
.35272588666384974
.3772380278400782
.4024375291499731
.4282466343570428
.4545857062151595
.4813734721993159
.5085272752822413
.5359633289830763
.5635969759011161
.5913429489368839
.6191156343945179
.6468293361536106
.6743985400953856
.7017381779672952
.7287638898718208
.7553922845695719
.7815411967934661
.8071299407800078
.83207955923538
.8563130669681241
.8797556884366496
.9023350884785818
.9239815955100346
.9446284165060479
.964211843098884
.9826714481582324
.9999502722467254
1.0159949993754627
1.0307561215172123
1.0441880913696677
1.0562494628973877
1.0669030192187594
1.0761158874433787
1.0838596401054945
1.090110382880535
1.094848828314059
1.098060355335625
1.0997350543739475
1.0998677579341276
1.0984580565426094
1.095510300010662
1.0910335840124903
1.0850417220193833
1.07755320267651
1.0685911327538766
1.0581831658474716
1.0463614170506144
1.033162363858789
1.0186267336137316
1.0027993778340882
.9857291338204064
.9674686739614818
.9480743432070736
.9276059852084586
.9061267576633056
.8837029374346438
.8604037160452433
.8363009861784648
.8114691198443136
.7859847388952425
.7599264785997677
.7333747450034338
.7064114668258408
.6791198426592437
.6515840842488229
.623889156646728
.5961205160417059
.5683638460732612
.5407047934439939
.5132287036458982
.4860203576161044
.4591637101346089
.43274163077121763
.406835648181057
.3815256985376271
.3568898788796706
.33300420613291515
.3099423825502784
.2877755682942701
.26657216186335086
.24639758903974912
.22731410100995614
.20938058228085543
.1926523689841552
.17718107812977907
.16301444833507797
.15019619252131663
.13876586303194027
.1287587295888381
.12020567046317228
.11313307719658286
.1075627731667581
.10351194624865423
.10099309577914173
.10001399398872546
.1005776620193492
.10268236060228074
.10632159542484539
.11148413716944511
.11815405616303358
.12631077153012998
.1359291146977023
.14697940705597165
.15942755153550237
.1732351378180042
.1883595608562137
.2047541523371303
.22236832468297885
.2411477271455585
.2610344135123173
.2819670209066989
.30388095913102603
.32670860996769846
.3503795358237155
.3748206970747544
.39995667743812835
.4257099166792254
.45200094993339757
.4787486529048032
.5058704921856444
.5332827799234
.560900932050242
.588639729277822
.6164135800521369
.6441367846570506
.6717237996515574
.6990895018248612
.7261494508547586
.7528201498588969
.7790193030349211
.8046660695945513
.8296813132080088
.853987846189139
.8775106676677465
.9001771950142264
.9219174878024081
.9426644636195632
.9623541050576385
.9809256572470302
.9983218153233975
1.0144889012490357
1.0293770294432283
1.0429402607104887
1.0551367439917432
1.065928845501038
1.0752832648493347
1.0831711377970543
1.0895681253183247
1.094454488702112
1.097815150458502
1.0996397408421934
1.0999226298496543
1.0986629445912073
1.0958645719844413
1.0915361467606362
1.0856910248212122
1.0783472420264137
1.0695274585433898
1.0592588889253907
1.0475732181378392
1.034506503790375
1.020099064876554
1.0043953573645203
.9874438370225085
.969296809902466
.9500102709431442
.9296437311906556
.9082600341696392
.8859251619716537
Output_flow
.10735547486018765
.3621935005276375
.4796481204561904
.3275211245848746
.13845353910459826
.5831219808449698
1.2851135590882174
.4010805804567926
.3523963675983935
.5977916509168988
.562432518251898
