System_realization
5.000138888760288
4.463517797666172
4.078436743161337
4.425171233056911
3.8022263446378832
3.2813470435160714
4.307430428076648
4.968186464292854
4.430981491976015
4.763081885552421
4.058388436807679
4.307233497328302
5.386546489684607
6.142258028490738
5.790315080359253
5.8094568681214955
5.754657574913224
6.139132145397223
6.20086217502349
6.638820552950054
7.644361508617608
6.948452430550848
6.038989830586517
6.162867000921473
5.877737293135187
6.732647592547096
8.990062795914456
10.663790382841274
12.29868781777125
13.547895015903258
15.849218278014993
15.080212898864819
15.106454321911874
15.36216510441299
14.391442590871904
17.437246315502506
21.688786967570472
17.914218155846843
20.495701919653524
20.37991201165205
25.167893491560154
23.79118866219075
28.07075520240996
31.629700159714545
35.62665637445038
34.28802926998773
39.684837789746275
38.68357364205308
39.59640218200235
39.39985034369509
36.67023704184361
37.407789252689966
40.22536944091301
48.84844441059355
56.39605728667509
50.823582484622875
53.52247854334417
58.26239373176514
59.280557059153075
50.46313278279215
50.334858923808966
52.86466523060834
58.64006881279777
54.071173899140106
61.285105051367566
65.3435845070614
55.38408067408084
52.379830222293535
63.08077727784723
52.66989691134617
46.35109735392558
41.421191183367355
41.77310533154739
42.75624683598102
40.12291959949874
43.95456632384335
37.39556402650571
40.357911914960084
45.04728191053607
40.79968573388912
41.47824961728605
47.10502269183544
52.41226398896994
45.6014530138431
41.5569401377574
44.467762171840455
41.63766182662776
29.671099709556668
27.901466082692252
28.30060758688576
28.23663651254302
32.19654698950475
31.319067956161973
31.487035949424694
28.69498288811441
28.796755094018955
29.62539870111319
34.36830758886917
31.374771482755314
35.568982118270604
38.06748466704405
38.747484967644695
36.32884649703439
27.61587245749118
29.90829599653613
30.474358306495137
36.54465319243708
34.27590288801021
35.64449902090983
31.447942553133714
28.635026791608563
31.796010828504716
26.042774212388537
25.422459139212112
26.677103486843126
28.44602820153635
23.638612672562456
19.533090839044963
18.262820241082593
18.465799611148405
19.26234476397568
14.58525490177084
13.094641175585892
14.191078090337102
12.641284132865602
11.930103775876034
10.187733108866144
9.360955792788852
10.127748333500426
8.639701213449683
11.136717135831006
11.409314338876134
12.779638326619281
12.618719509246853
13.070102715091691
15.582373805326803
18.24859091601325
18.875921802110533
20.395648943996072
13.727996277045934
12.963339926462261
13.253830172382518
13.42988700672139
14.896343764240878
17.907306090174863
19.01278160061139
17.441403148181298
16.75444237161432
19.325458258153127
13.657434456012616
13.640311522013747
13.44631665580845
14.83159057042815
16.240193840100037
19.36489617672015
19.455275663629806
19.44643139663946
18.885856004971586
21.066208249880738
18.839636689938867
20.59190868095837
17.246764566903934
20.9002991528422
22.353712230886448
24.50788547737811
22.547368481570157
26.539099803147405
30.608030613834423
26.503545932474072
27.535032096922563
26.304598522452242
29.34482907945499
32.144228027116355
35.5496154861648
41.100524309259754
27.027059989919845
24.03175411775928
24.540863315203907
22.134840414579223
23.942227621087035
22.23706938989608
23.978095620132116
25.671785127869235
30.34429718020565
27.501010869161927
32.40791580663742
33.681278230740745
30.58701446509457
29.143900869373237
31.185485354440658
34.17572198615541
32.844596788288385
34.3147250998159
34.81276219506724
31.86259680247046
26.50243408709405
29.605358977408038
31.0814041048192
34.24976208395595
37.11836886574449
48.79641327707349
39.81916738067853
42.99704796567093
35.3707141261402
36.08827706612133
32.223124701485695
33.559384736552005
28.74311333427251
26.834576863942875
22.555953256941283
23.67337557425785
19.867009690442476
18.113892868553588
16.90273570357858
14.27857962657411
16.96326050675779
17.24753042885853
18.504285204023635
18.2783043535349
19.803139159175178
19.799318169203808
16.588683483566562
14.463943314240405
14.125148920682248
12.656846810220229
13.414892126426201
11.83695675742116
11.933006026566922
11.786783997984486
11.910831403034214
10.682602093642062
11.099131133241212
10.889729617697734
10.359892084848498
9.884353558493798
11.04408427595241
11.765972677775974
13.724868436525488
11.737136574735217
13.543427572851437
12.44825841993819
14.80934759103975
14.18035774109721
15.218186328102494
18.314516791490178
18.57983034467837
22.576890820810487
19.63349733098819
19.54443068370871
16.305226450357175
16.586585976846674
17.960242755272752
17.661522178428697
19.32765906628486
19.044292027453672
19.947438143630908
21.215396546211114
21.881321864697465
23.999109717035815
28.410636314595813
27.645298343226017
24.83420048271518
21.991425670971076
20.645168996545912
24.935495131218335
24.22422011472273
26.708711889095923
27.724909541592133
30.685328875671892
29.437765766621848
28.121787924726476
34.30676032105974
35.39412942447715
36.19989270291145
38.70134751731352
44.57663661989882
45.68660827968997
53.076899676188695
57.931810334091765
52.937687640811355
59.6758336800707
45.92837261049958
49.02411281153598
50.08410649777302
50.86464001426302
53.1301234630499
45.63316265319201
44.1306974314626
44.429516715718805
44.98553604735574
47.13282563498075
48.27037459888402
50.51977123385753
40.31259555558814
38.58210326427595
38.797143991128195
41.26451144068079
49.54327735141714
52.05086619059118
52.218514772067124
41.44078784754075
Rain_input
.10000277777520576
.10086672478887419
.1032708104152525
.10720761654521965
.1126649956674142
.11962610835091111
.12806947520540782
.13796904315858932
.14929426584616565
.1620101978665278
.17607760260918762
.19145307332428324
.2080891670595754
.22593455105165422
.24493416111964894
.26502937157269624
.2861581761068962
.3082553791335762
.3312527969484943
.35507946812125024
.3796618724557199
.404924157845885
.4307883743270624
.4571747146003434
.4840017602880695
.5111867331604965
.538645750558451
.5662940842238472
.5940464217394006
.621817129770843
.6495205182993641
.6770711050289631
.7043838791528425
.7313745636649647
.757959875407374
.7840577820508727
.809587755216111
.8344710189540463
.8586307928190622
.8819925287847052
.9044841412710165
.9260362295736697
.9465822920085898
.9660589311112784
.9844060492576786
1.001567034102967
1.017488933266076
1.0321226177209384
1.0454229333902882
1.0573488404742544
1.067863540083835
1.0769345877885061
1.0845339937276002
1.090638308976548
1.0952286979014896
1.098290996278997
1.0998157550015686
1.0997982692340431
1.0982385929309588
1.0951415386700722
1.0905166628025422
1.084378235965604
1.0767451990487196
1.0676411047490786
1.0570940448967807
1.0451365637739567
1.031805557695283
1.0171421611597562
1.0011916199250113
.9840031513958364
.9656297927576684
.9461282373236742
.9255586596003913
.9039845296117028
.8814724170540834
.8580917858874119
.8339147799951722
.8090160005754079
.7834722759493271
.7573624244978368
.7307670114574983
.703768100326336
.6764489996465752
.6488940059456394
.6211881436285902
.5934169026246162
.5656659745970808
.5380209885310994
.5105672465145159
.48338946052756393
.4565714910533748
.43019608831589273
.404344636943631
.379096904847147
.35453079708510127
.3307221154783858
.3077443247140514
.2856683256607607
.26456223659522393
.24449118301467268
.22551709668393355
.2076985245371623
.19109044802390251
.175744113456895
.16170687388512345
.14902204298001373
.1377287613856441
.12786187594535572
.11945183217742719
.11252458033159095
.10710149531626845
.10319931074359673
.10083006729575997
.100001075571947
.10071489353057671
.10296931859639485
.10675739445679774
.1120674325264109
.11888304801369243
.1271832104782717
.13694230872302307
.14813022982064117
.16071245203087334
.17465015132169825
.18990032116576927
.20641590524247228
.22414594263613385
.24303572508234655
.26302696577721263
.28405797922862186
.3060638715946087
.32897674092148066
.3527258866638505
.37723802784007854
.40243752914997355
.4282466343570437
.45458570621516037
.48137347219931637
.5085272752822421
.5359633289830772
.5635969759011161
.5913429489368853
.6191156343945192
.646829336153611
.6743985400953875
.701738177967296
.7287638898718208
.7553922845695725
.781541196793467
.8071299407800084
.8320795592353815
.8563130669681257
.8797556884366496
.9023350884785832
.9239815955100359
.9446284165060479
.9642118430988846
.982671448158233
.9999502722467264
1.0159949993754636
1.0307561215172132
1.0441880913696686
1.056249462897388
1.0669030192187599
1.0761158874433792
1.0838596401054947
1.0901103828805352
1.0948488283140592
1.098060355335625
1.0997350543739475
1.0998677579341276
1.0984580565426092
1.095510300010662
1.09103358401249
1.0850417220193829
1.07755320267651
1.0685911327538762
1.058183165847471
1.046361417050614
1.0331623638587883
1.0186267336137307
1.0027993778340882
.9857291338204058
.9674686739614812
.9480743432070731
.9276059852084586
.9061267576633056
.8837029374346438
.8604037160452433
.8363009861784634
.8114691198443136
.7859847388952425
.7599264785997677
.7333747450034338
.7064114668258408
.679119842659243
.6515840842488229
.6238891566467272
.5961205160417042
.5683638460732612
.5407047934439921
.5132287036458982
.4860203576161044
.4591637101346089
.43274163077121763
.4068356481810561
.3815256985376271
.35688987887966905
.33300420613291515
.30994238255027695
.2877755682942694
.26657216186335086
.24639758903974912
.22731410100995553
.20938058228085488
.1926523689841552
.17718107812977812
.16301444833507842
.15019619252131663
.13876586303194027
.12875872958883752
.12020567046317228
.11313307719658265
.10756277316675779
.10351194624865423
.10099309577914162
.10001399398872546
.1005776620193492
.10268236060228074
.10632159542484539
.11148413716944491
.11815405616303382
.12631077153013054
.13592911469770264
.1469794070559724
.15942755153550237
.17323513781800515
.1883595608562137
.2047541523371303
.22236832468298
.2411477271455585
.261034413512318
.2819670209066989
.30388095913102753
.32670860996769846
.35037953582371695
.37482069707475507
.39995667743812835
.4257099166792271
.45200094993339857
.4787486529048042
.5058704921856444
.5332827799234018
.5609009320502412
.588639729277822
.6164135800521369
.6441367846570505
.671723799651559
.6990895018248621
.7261494508547603
.7528201498588969
.779019303034923
.8046660695945513
.8296813132080088
.853987846189139
.8775106676677479
.900177195014227
.9219174878024081
.9426644636195645
.9623541050576385
.9809256572470313
.9983218153233981
1.0144889012490368
1.0293770294432283
1.0429402607104896
1.0551367439917436
1.065928845501038
1.0752832648493353
1.0831711377970543
1.0895681253183247
1.094454488702112
1.097815150458502
1.0996397408421934
1.099922629849654
1.098662944591207
1.095864571984441
1.0915361467606357
1.0856910248212122
1.0783472420264137
1.0695274585433892
1.0592588889253907
1.0475732181378392
1.034506503790375
1.020099064876554
1.0043953573645203
.9874438370225074
.9692968099024648
.9500102709431442
.9296437311906544
.9082600341696392
.8859251619716537
Output_flow
.10764329933352987
.3267249022920483
.9900234442100205
.5774362583728085
.3834380749185249
.26491392815060555
.4379191557120799
.4562172579717856
.26484906677613307
.48350616595746404
.8844764970171771
