.06105657780659115
.03467180450271548
.06050109756582269
.050491497669589394
.02317193787704658
.022028564365954666
.03199930171832801
.011810650202913612
.048125996262432524
.0836052323302689
.055904632010306377
.02036133101805954
.030155278330103123
.005101126922969755
.011972829938721974
.025416826164792267
.05809690807902368
.07808449745042836
.05097899023209736
.006374274123453446
.010938900940620304
.04477091196590201
.02360680523503514
.043074614711354375
.02811900231217411
.039410490887441
.03197769486024894
.041967157547450055
.08467968793664948
.04719947688728332
.036170291541617834
.022624535412846807
.02330224516062919
.05761148268473861
.10335280254993623
.11410084332632403
.12566497511887206
.17022879074335595
.1638629869998162
.1729691157653389
.16729957062879575
.16729957062879575
.17916774400215127
.1138719937186394
.09500437718218702
.07511536563472068
.05465579680731378
.06349167544963147
.10455945264008189
.117258086029186
.09789882076997003
.10893640142493177
.09372755993368599
.09477935287678882
.063399700082066
.022056065240667815
.04036308128032925
.012354800164715957
.009822336997244406
.03350591072178597
.01290639831149017
.01290639831149017
.03860002676810928
.015717392429800633
-.007497018271636551
-.030296349030175466
-.030296349030175466
-.06382653488680919
-.02581487908686312
-.03609187726612987
-.04775746294768608
-.044530085231122174
-.044530085231122174
-.008207926907170484
-.008207926907170484
.02528944423923674
-.017026511307660707
-.004375292177268896
-.004375292177268896
.012546052992967927
.03353739779652749
.03014606859442294
.045948541765170825
.04745904523321507
.03475739037605098
.032704398795123005
.0587548263063068
.0587548263063068
.0587548263063068
.08808769559143269
.08169592967014591
.061836254746160266
.01941005709209417
.008864087724629965
-.007302974890332558
-.02032944878141959
-.02847389555529864
-.026481665544468402
-.004563907768611212
-.0007610797939599204
.01154700194818345
-.0002821470252604881
.008335070286803432
-.03760511781429259
-.03760511781429259
-.03760511781429259
-.03760511781429259
-.013292621025652665
-.022411975073053956
-.0009330995650868191
-.0005508000637175292
-.0005508000637175292
.0039506531003418695
.008887971668225272
.035861678242837654
.058562070080566464
.10117669400037996
.07262372041813853
.03973982155160147
.00526000549390092
-.030236963701456194
-.02361068891912
-.05088589553242501
-.056352307681151716
.016181622530959044
.016181622530959044
-.0046564504554791695
-.02126134480760393
-.003672262111306177
-.017015174009494084
.030833056935628423
.006222212551154287
.0030736753320072807
-.010914611407044056
-.010914611407044056
-.010914611407044056
-.010914611407044056
.014180191239838102
.04323536068349623
.03564692791783245
.023593204584030702
.062327986969757686
.04858104052795849
.05125661719930768
.05125661719930768
.08257990629320568
.11675119555840575
.11675119555840575
.09881732178232316
.12155931658382217
.12076665494991626
.09676422231278288
.1112020940600306
.08527374476482949
.08527374476482949
.08852517875096808
.08852517875096808
.08852517875096808
.13722180683157142
.10471246307501496
.1023118009748292
.1023118009748292
.1023118009748292
.11513323189685623
.11762752509290388
.08865568183396019
.0841387961377152
.09466471766184432
.07210524661224998
.07633635815877303
.05550825783030953
.05803818020853318
.051174193653593734
.0786392680721168
.11385635852811424
.12581267405029872
.12783816980504314
.1867650429582261
.16950799180100323
.15776434029699124
.14934596807606002
.15690126422999912
.16439944209928617
.17263299501350637
.17263299501350637
.12666043372179311
.12666043372179311
.12666043372179311
.13026029041519677
.12052843987589043
.12605698624938225
.16255648453135016
.11927671882205979
.09898374946263887
.09898374946263887
.09012688353166272
.15160122406740484
.15160122406740484
.15160122406740484
.15160122406740484
.15160122406740484
.15160122406740484
.15160122406740484
.12108959248314469
.12110915316219704
.12110915316219704
.12110915316219704
.09117805665314554
.09468049630115533
.05170498112213229
.007258568799494585
.0062041033269008335
.0024438971091282277
-.005946364782918079
-.005946364782918079
.009851983006912705
-.014954914459090713
-.062420376108418996
-.062420376108418996
-.04208591948233932
-.04208591948233932
-.04026203203638562
-.0510610073121149
-.05046317919567491
-.06815900394512205
-.06815900394512205
-.05812961312944918
-.0532489799840879
-.03061091030186648
-.015227839282137137
-.015227839282137137
-.015227839282137137
-.013746197673386916
-.022681657370020487
-.050516479447292796
-.05360976740033724
-.03563658205041007
-.06077903370701993
-.06077903370701993
-.04254093421704487
-.045521323480588176
-.030148600102536345
-.02037256005156765
-.02304550981768918
-.0010833382122278773
.0003168821991774652
.03996052194975956
.03564971205323648
.05950336512454896
.06287800620600605
.060963145679593565
.07873142048993609
.09951768035945668
.07032807991596769
.014422889082911141
.02299490556722407
.06110856207114992
.05207523772574355
.1057774556574973
.07871416264960862
.06198222538464777
.005414121987361485
.03594581677339064
.03167517108808188
-.003566751214176645
.003131022810237765
.014842689746159536
.03996793437827936
.04805072582126844
.017058905803576024
.05034417209678982
.08078635582685884
.08078635582685884
.08078635582685884
.09637795168293226
.09637795168293226
.05900304700411067
.061456095572006396
.08296329931655715
.10485636309840671
.10485636309840671
.07513973511015737
.09943027218263162
.09943027218263162
.11619371243986212
.11619371243986212
.13103824112076887
.12888246853938823
.11776051226608768
.11740016094315549
.13709627400737892
.12374955725921014
.1862105430225497
.16766377837720284
.10674495562066383
.10674495562066383
.06980105027379975
.08840729945269474
.051564012387434494
.0536787965890268
.06240173491354288
.06240173491354288
.07137767134135414
.08249204364614149
.08249204364614149
.06079931455271518
.0340425677722502
-.00021599380603553459
-.018561890301069296
.006011516793158577
.016075047011648493
.036723729254766566
.09036805948362998
.06702889451864062
.08910337954132032
.061272922209574136
.08881434719204838
.0722139092621198
.014220898956403705
.002995150954315689
-.00892811316416055
.004404134396732756
.017552578264686213
-.01588904040099355
-.02588071966050992
-.01945019824054788
-.02465258654106162
-.00873715519918817
-.055974620217062926
-.055974620217062926
-.059694943884218116
-.05258023749218384
-.048058122642014
-.032148289780763305
-.032148289780763305
-.0026105180406989312
-.021134935182772926
-.016364709174950646
-.00946813483098701
-.00946813483098701
.01048071561396858
-.026780894595159963
-.02651229833370676
-.016614738972276204
-.009438803593090295
-.026426358016289588
-.07388535069437802
-.07087045231325445
-.06341922272863534
-.07189513775724087
-.0984992726193742
-.06341321424615948
-.01577043929572458
-.01913585875952855
-.024610713632675522
-.024610713632675522
-.019515490011038267
.002775752693646846
.01092462586924764
.03675131656985751
.03675131656985751
.03421553157845351
.01954389373690337
.0533054295785466
.07511811716648356
.046248491414710415
.036477093770303844
.03716427623658368
.0011278845913861128
.008545365643999828
.03929781869508875
.016004951707023967
.023356034645139544
.020686335049509477
.013299667298188546
814700397950589e-19
814700397950589e-19
.0062060805183421636
.05422122823008624
.04632282789687992
.007674767968967409
.034897946279361575
-.013750497659013799
-.05663716203235316
-.03765843255519045
.002556740794148917
.05631947246339888
.0027272648828581894
.029395741294035653
.029395741294035653
.033562810489267604
.011376154991294527
.045530583796647574
.045530583796647574
.006883970691864404
.026886738830143118
.026886738830143118
.0071801234699505456
.0071801234699505456
.03985171189766842
.038019342702333134
.012778656186187495
.05204066563250147
.04994548693054057
.032082235856349506
.032082235856349506
.03859932964347152
.011602144518302857
-.0027400804991645055
.017461618599866426
.017461618599866426
-.03812134921678593
-.0011031447012224988
.014487446535049495
.01780352591816901
.03037958381025132
.04149211801968514
.03370495877610169
.08976828232073844
.07870794832267658
.06695377078569971
.07509723698114244
.0753919114871393
.0753919114871393
.033248618571565185
.010645527496316077
.024496215176701124
.018497213589668184
.029481816942426447
.0327363591678936
.08007644699598275
.03081122372038204
.03524771267691145
.04683454942729911
.05139923512982178
.05578590048293194
.0888561016023401
.053338007456162406
.06400422010763883
.07391432255625634
.07954812397457998
.07773558291846339
.05636546354843476
.0807531663277427
.055778827974217654
.02306080952691799
-.03960663229315934
-.04799080058950989
-.003974085172534159
.016560827152237022
-.002009965303894738
.014917697061649353
.051417352391281826
.06947219610659466
.04783519711632096
.06870470693698308
.0893503257280406
.06366795906679218
.054759293308702627
.03630318922836097
.04696808146062423
.047320828122014116
.09171617605802328
.07467896481450095
.05248188407081538
.0804061681270323
.10629078152026421
.12372546882658753
.0751852040859689
.06370574180533765
.058467159590242755
.03694350186558426
.012415876218399487
-.013303109037690709
-.018317202875758932
-.0074197998443219036
-.0074197998443219036
-.006244049581691927
.00827247085165508
-.016436049965391553
-.030112890654815906
-.00355365065927553
.014556748258794851
.007158911028722761
.015959138966356076
.02712035547893748
.055674806058669986
.05032012320100273
.020250308288878943
.0348188906306544
-.06875252927605492
-.08412354334468021
-.03514193997182406
.0073679201677918135
.03406641948495809
.018771923955632312
.041693924938023236
.034109306638945396
.034109306638945396
.036339733518709276
.05171489143792356
.055735926402962876
.04007462693545367
.1013092462917771
.11496302168330759
.14354346899904993
.1677092149541574
.14059257033206596
.12329305340443333
.12627187572308127
.12682242478717848
.09775119325392148
.09821445063072515
.11362034422314017
.14941652194380525
.12500859159630373
.12184034959115529
.08444632881180478
.06393082950456176
.06753193559303816
.05058412412589312
.04595922907455071
.07033517902050838
.09762333756938593
.06988169354472608
.07234379873537715
.05390975620239006
.09838925308011584
.0997648014395229
.12493480159154834
.10943666706815161
.08927255993803672
.09034055691164489
.06727815587376028
.02667544070371343
.06066439357558882
.06066439357558882
.06475120753840603
.05420376452502074
.050146302920258706
.014170552627215524
-.036859039517440406
.022848840737088847
.009217352326773991
.04785792112953602
.024750818634680618
-.006312389310867004
-.04776978275148038
-.053700447715757424
-.02437709994208763
-.02437709994208763
-.03485612061874895
.010395109138598584
.010783376518020794
.008820649154925624
.0343013399922239
.005416594901554425
-.013778382304604079
-.05532611275517641
-.00687848896693307
-.01039800214768402
-.022630408689668615
.040260783549105644
.07581811308903198
.08824325597518018
.09700066191718093
.06267578472710693
.013851642357141258
.002485756259298936
.000343038926239495
.01851583874504375
.033604154865210706
.025634552536318148
.06769909297893277
.09576535341045359
.09376132093850761
.06718190696372156
.006737637369845142
-.001596273980155563
.02500585806632767
.06423924629838064
.005548401878137474
-.00545673928515546
.029238762893600903
.031240924631798287
.04652544407884508
.0149088470325647
-.027900569415762903
.01775250200746996
.024463595033490815
.031129552682008448
.0396401394235499
.05521819187893612
.0415494699939864
.03948270687519152
.041487599645617886
.08566418559156196
.04390846824890177
.057857870816085066
.05794625285983355
.054641761813594494
.0182905453983173
.049192658223766846
.02926634963611984
.024279665945236846
.019941397234958885
.03142449663327513
.029674808746323496
.05072423849619141
.03241076183950674
.06324885684471403
.036572067332228037
.036572067332228037
.04282550970948576
.03504713311487116
.06527587211643614
.06112028430960359
.024547711440589363
-.01372145611956095
.050698566242506335
.11971427028371089
.0996425669493633
.1189805918325956
.11376092703416378
.13194574613723292
.06656940280573148
.109911497996133
.12760125346952556
.11560545925355264
.09327711326381115
.09375194414199185
.05930686596921423
.01883399297118646
.033467114888226915
.0013480410928300626
.04018541078228875
.03204165424176149
.02475814901727608
-.008981374206704374
-.006751012230062458
.003348289649770814
-.012688899842211858
.009882387255524783
-.0028478282615559823
.018483482085711933
.07096520672641372
.06135035472122992
.030134086070092363
.04394738221208163
.05871927200238062
.06296478482874944
.08392198634522001
.04682415073303564
.02585028002824858
.04403674065523626
.021109681958384856
.008860371214433673
.0135463389017715
.04195149996855441
.025212138657054947
.025212138657054947
-.005660108835950788
.00719977911184911
-.010573086948341814
-.0201973769401644
-.021755193087056902
.03978815435711862
.007104291587799225
.007104291587799225
.03083196545630955
-.005062478635550694
.004219852295089789
-.002274060723524093
.014080678154488161
-.013808954454928943
-.06853806504726212
-.02101325021754642
.0005339095726246881
-.0488524946945835
-.025603438580101265
-.05246039264457165
-.05818931984266837
-.054189193122220494
-.0324891718408087
.012510445670345736
.01859606977008772
.045137058422591594
.025179451132760704
.011021630055774823
-.022159505040812204
-.05110090396458096
-.018681921899880355
-.005305799533520545
-.005305799533520545
-.0030111989226889835
.06073474364860414
.08123621641051657
.055849630148682064
.04968896368812005
.03804387239809003
.029667682462414066
.004360245005205389
-.008002745168938624
.0011283857213310426
-.00027393417639592324
-.011538808507790413
.020952219989537085
.054638277547456954
.07991804277176308
.06909790696874157
.03353402319194718
-.007116687580313403
-.02018098722257497
-.03408807581246063
-.02824893701847562
-.0005548763257679883
.03339903891822125
.049148952194108426
.01845891124137055
.04651582747722307
.0875836041761397
.08202203173814554
.06873702540316236
.03243397115926354
.0816498168561164
.08101686920232304
.0430975078676539
.07168562206456111
.07313436706487896
.06725298731660735
.03047927786320631
.07408729619196672
.05727688266653859
.047208861485743304
.05250810276144981
.06219897202474484
.055779531151382525
.02688549488281593
.01614019662497934
.022150265426359346
.028212153643272835
.006482882562890798
.02224678457080527
.037658144484748114
.019041922939569217
-.04515023682162153
-.008282684435362331
.009447095249891194
.043203763290743935
.0507177146691147
.046521467988459395
.057473193802095035
.07569877174361406
.043847251027891616
.05053394040959024
.03154060928116901
.003504217709826944
.011009815134624533
.0034514156785854008
.06295820007127814
.05550334110109037
.10138592964455195
.08111189248859595
.09762212197763191
.07973177603292626
.07973177603292626
.053495583802781466
.01806251958103508
-.028539117694188723
-.012220214924684664
-.05477181396787969
-.03862485700195814
-.07163343183837437
-.051276546618761805
-.044272234793217735
.0049295426767492975
-.015492512102617005
.006385305479371145
.026356182686810767
.01989693993123321
.0412709945543751
.05228318028915497
.04787910595311089
.072936810801299
.050816399864634015
.025216134686550352
.05070410312944086
.01682673156313593
.05136159970185277
.011798247458045866
-9905887806111466e-20
-.02242836600419499
-.018186917003004503
-.009633153071587304
.01118802712270142
.04154122945798422
.05937289738660001
.07823476342513258
.07309228043009505
.07977140931791335
.0637747804056803
.038281921997604995
.032998105176116316
.022888783846609258
.0333950376760415
.01501580282681466
-.010033133897578941
.008727119843961541
.02639427955833726
.008886604013448903
.026854424493609808
.009088563910707819
.025821244766574034
.007083118595722752
.014630525219915072
-.021799378451095777
-.028272798860974377
.0039988403861584455
.04188051863361179
.0037956515789865867
.055393287571026725
-.0011842939595639555
-.0009683160813565548
.005330437470471881
.05458168632159621
.041357550186218006
.025615073079306182
.011121871128594503
.00962976962662049
.041772824927371714
.06482330479715723
.08421259490913556
.07013927501523526
.07242403197489983
.06993766448113369
.04649970318009213
.05875107416992429
.09062380241480482
.089876677028459
.09089145390941515
.04452664393830672
.018934843586896566
.022580975805124963
-.030177628158773076
-.03414840759166016
-.048532488845751995
-.041187170198543455
-.056702416878080725
-.06345701279910243
-.049941322863110225
.00997522072748512
-.0025019913182585765
.04098464868209596
.04098464868209596
.022594475321520837
.02222309054903316
.044106326041030826
.05478031818636825
.045627301320588315
.047899420234816234
.05859833921385397
.04880646456558808
.07923580762533138
.06893242241386874
.10682551413635821
.10683406107051661
.08800986381294755
.04780885619044902
.07352719692514469
.10475099557224647
.06791780389950058
.0524540571638305
.12131151481369898
.10609327750168532
.10697516667364651
.10610764110168278
.1304745995056429
.0817678971680871
.061949519955659824
.09185276081037284
.07567889292163979
.08361229207399272
.07151496776980294
.07991559204131263
.09165891485659936
.10732596458477436
.10732596458477436
.10154661571115942
.11499094233431816
.13057278607637923
.12319569385416299
.08602814386079495
.04775803658220101
.04835483767211624
.04298113784397802
.08258836034364794
.08900149673249176
.07815164858408855
.07773805150996303
.04495366875511346
.08284844250377713
.11975674119904191
.10475666992399196
.11404096605693893
.11734203808697623
.09006321416686662
.08945879645393953
.08614195903321434
.07529562773442572
.05618178797546812
.05909241846723187
.040857515471365166
.04693523560810469
.04693523560810469
.023803265058060404
.023803265058060404
.03461893356660809
.035285957525448136
.06271727727743713
.06271727727743713
.11132648110905166
.07301143934910254
.02226771710571171
-.011946216315628392
-.02916176504584849
-.0397422768837872
-.03263206679416569
-.024500266555887395
-.020546206134547558
-.04503019480549155
.011714203750732868
-.027691301596949228
-.009707890385498835
-.010404206715931327
.01587085801190259
.002287979931282696
.016776513109112406
.05246514444827983
.05679908713771169
.02870578619025916
.022911824671289275
.028051238630385587
.04944429519645795
.011620503525366864
-.008984260970852682
-.01158211479545309
.005292634520855409
.052894847890680455
.06423051701433044
.01595126907861184
.041131449396761
.02490424949950591
.02798191466721172
.06787547240854792
.05045223432134608
.024588945998729517
-.005516622634675693
.03281669169556904
.06577151050228966
.06577151050228966
.06762186331589282
.0729379816354573
.04730513124317749
.04690968796474544
.05638178280661908
.07358379997021151
.12098816078565712
.11067726088821582
.11067726088821582
.07262412241584745
.046536224593422264
.02598647625321889
-.0015870648384715509
.03229492046777396
.02336934613380025
.012870620192464557
.02046517935875639
.01751888914738487
.0028990850316461003
.03948326128591442
.029278346103284916
-.011962862493362432
-.009289569469476167
-.04359813605468914
-.05544368663763559
-.025829727151891843
-.0366115872753892
-.06671767797081778
-.028356511704749884
.007214785130350664
.018149439726780174
.012622472732328586
.018770145289496047
.04009733959743275
.06512831116424642
.042227758115292446
.034675497790142895
.033210817915061044
-.007163671810488367
-.01365581050540265
.019022529644311774
