121	135	151	165
.5427560672199706	-27755575615628914e-33	-.2558089755594505	27755575615628914e-33
.5602962864801774	.03157549385612654	-.26022403085150675	.021712792667713577
.5967534913137612	.08428301319840177	-.25956748769460575	-.0592266253152115
.565526153859039	.014374282203058478	-.24804454680876464	-.05410199592259464
.5951284355429126	-.006187132469747776	-.26558952483707493	.019758048136068147
.6055645325427143	.042639828443020895	-.2547023264912216	-.04272545770328059
.5877360512767683	-.112333690223504	-.22476049904322404	.010936299482040467
.6381228513244079	-.040149270390549816	-.2487569668275628	.05170839205011966
.6387787830566255	-.04913199868635869	-.2491932328705289	.053212423043772494
.6008401010901706	.012931029219629643	-.18407381190412742	.017185056332726573
.618717929784094	.00903962431229528	-.15586787237342303	-.02155694563658133
.5915621102417474	.027537636483378286	-.19976909447309668	-.06817195716847696
.6397706366250248	-.020268451030234755	-.12884316184109726	-.012261879055998058
.6549698427323141	-.023632298124207873	-.1411386324907268	-.005296503960836628
.6348439629102502	.004197289052574042	-.15163448053214554	.04988425624549594
.647496601402357	-.03520271705709696	-.19195113734116837	-.005608029419967277
.6399817786255283	-.02773760925165919	-.22035412901480828	-.20545164084707476
.6154090275479445	-.0174818253269058	-.2028114559493097	-.02512653576188948
.5944158062198464	-.09720356247474225	-.18155061270998624	-.06297194669293067
.5785268162545717	-.056999195202275976	-.24485867447803694	-.04478082147416396
.6125945968639375	-.04954487125635681	-.2399979537208303	.02257230302077478
.5857662198088786	-.04582915170091438	-.2578849347485002	-.12276713454901665
.5384685276335809	.04179368745389729	-.2688136718703347	.0030385503862251813
.49727168357084617	-.027684052395261484	-.2596689110026412	-.05670050507305337
.49832827250890943	-.007046937884757404	-.23478673748840398	-.05910524324954858
.4960267633652457	-.030782909103954238	-.2944587788543729	-.007237515375286344
.49021568941856564	-.11993665482984188	-.331700935528364	.10691340810968589
.4965236756445299	-.07417296434558852	-.34304033652762117	-.04956998220716729
.516379945064026	-.05849432361048391	-.35818726775469856	-.025197484604302253
.5576374823501195	-.007300454819445198	-.3439703187672243	-.032941184182490604
.5684885026316159	-.11545186989592493	-.30491725889479826	.07389972279271864
.5702354200530666	-.15198332571039053	-.30859407746806644	-.008005343845059939
.5759766629875752	-.09320202748306036	-.2677601026998125	-.0980313331619028
.5502440665088989	.009078372806175163	-.2920225021742134	.00814585528432834
.5839753228212476	-.01573814967012381	-.29742957341560655	.021101308030859054
.616404070396336	-.15493927423376042	-.28060031181774325	.025840093211962026
.6306444645194336	-.10332551217181543	-.304103965625084	.02963268291087098
.5958101968205567	-.019509517493143853	-.3259053282435726	.04918845674024474
.6206147804518753	-.10462606864526591	-.3877862797893082	-.00801420528632047
.6182126073181294	-.03405174002995284	-.368802957054406	-.08902513984220924
.564336156217592	.01426327924231807	-.3941838936652616	-.05284824931116349
.564336156217592	.01426327924231807	-.3941838936652616	-.05284824931116349
.6027341680338731	-.00044443016621459417	-.37387079194914175	-.09087179192903344
.614602388083505	.01773786633051815	-.35838658216830455	-.05579952496853639
.5577837512933003	-.05183348714603903	-.39110139333344773	-.074715915245249
.553399912575091	-.09228319805654796	-.39366852156613275	.00991066581958391
.5521324088993965	.002126781444634355	-.36820455544824116	-.006610335473324648
.5432474439725905	.037076324365562456	-.37339249691355403	-.05512632364447155
.5280388953976118	-.018888082138575037	-.32937643762203006	-.12537979539113295
.5860931264671937	-.09872456896338129	-.2564143220621025	-.07575518023607788
.6192910679982744	-.07948319068143474	-.28112561000753505	.06677267599608985
.622550699170362	-.04915268503845261	-.2852372430751004	.021182818797974803
.6411319662470744	.016779781692299548	-.2921293419268219	-.005118222708457535
.632240193506427	.012930211230240518	-.3209742017017922	.04537624377749313
.6075814374368795	-.01902933822334532	-.3542979455698851	.07344958500158438
.6110390300539399	-.041953014076318094	-.3417915477802371	-.03327072896808555
.6218680186747556	.027741981099851938	-.34672622591118696	-.030260131030614278
.6629417062768684	-.023615307670788236	-.34878097594529817	-.012186104492482586
.6772101558699143	-.0783113438486916	-.29409285696149334	-.037806387081864394
.6475414851197474	-.013133415666536813	-.27192532636942707	.11289535771513345
.6491626535178618	-.020846697386198074	-.29313348644901566	-.049272859782076135
.6491626535178618	-.020846697386198074	-.29313348644901566	-.049272859782076135
.676769181617844	-.046781933846848686	-.29874011803988615	-.0427982016502399
.6660549850289014	-.023074341819462666	-.312869941286735	-.001977750929250519
.6594680576171357	-.016118350712693016	-.2937267922746251	-.03238114542998297
.6848000683134359	-.04454948255191443	-.25531095833601325	.00660931425624205
.6848000683134359	-.04454948255191443	-.25531095833601325	.00660931425624205
.7194946294544915	-.11413558975277073	-.26807991500814266	.08563042437939326
.7080431698045604	-.028346088542891522	-.21576024793485607	.045959216554482166
.7124342897499524	-.023562517700826756	-.21286824480681446	.06324029663628798
.6611332461370621	-.09467897040375871	-.19251716984885123	-.11576756873152841
.6634092780557894	-.014878653766685295	-.1895081470664178	-.14864729888048914
.6634092780557894	-.014878653766685295	-.1895081470664178	-.14864729888048914
.6730253188560886	-.01820494640860809	-.20243779790305713	-.0604315940503814
.6730253188560886	-.01820494640860809	-.20243779790305713	-.0604315940503814
.6914290855220281	.06852373536622694	-.2272637070357878	-.009098930788471632
.674599191586221	.08754721884475497	-.23760025155483028	.06779460434252796
.662513687870103	.006322490879654159	-.2343330162106285	.034305577005892124
.662513687870103	.006322490879654159	-.2343330162106285	.034305577005892124
.6575547089024008	-.002565350526261046	-.2635924143989449	-.08009111651370066
.6410603301104212	.04554696440332212	-.29957789949021857	-.035135004640244605
.6157249162097215	.008366313573469265	-.2925225920411833	-.06392026070722086
.5961209112660755	-.04817294694046372	-.2998672064424055	.06356353283529356
.5932242574941017	-.0043670369255489035	-.33827038019199096	.06629363397402845
.5979432662263775	.0669083180152358	-.3259692677472404	-.02157575447005635
.5979022569525017	-.041093830562582256	-.304472935587106	-.024471440873593528
.6061291101661611	-.07386676364740921	-.2993709014995968	.022384435806752014
.6061291101661611	-.07386676364740921	-.2993709014995968	.022384435806752014
.6061291101661611	-.07386676364740921	-.2993709014995968	.022384435806752014
.5610430531882136	.016269333270118612	-.32937526881099227	.0528650810532225
.5488387253803634	.06158042892577505	-.35411965460491834	-.04260963132624886
.5898342051243468	.010289352386566529	-.36786865965667725	-.02001510985170643
.6058059040467975	.010106049019574336	-.3529025388973384	.12208137806700158
.6507693079691529	.03614577071740993	-.33345406361807606	.09004491323275277
.6601479149204306	.006703228539805345	-.34057820887024765	.046330977669236294
.6565077483514146	-.09323086988627358	-.3316269563816703	.06492577417093805
.6849175985838452	.0022493095919878282	-.30753410640693907	.020732162310726682
.667228775703208	-.05064419844348367	-.33258679337633906	.11460688843010086
.6319152527604146	-.13311276631546876	-.3289986283125397	.06281422849320817
.6408601027701011	.0064707001359392904	-.36775596453183185	.04105865018762459
.6635631045389597	-.011040787916904216	-.35606122225386566	.03411608772836567
.672423690559742	-.07123102245498775	-.32616664630744985	-.0514107589528647
.6386576944988853	-.050067224974144536	-.31800933131131737	.004573920662002414
.6609614445929134	-.08621848269371823	-.297480405656964	.051588306253574155
.6609614445929134	-.08621848269371823	-.297480405656964	.051588306253574155
.6609614445929134	-.08621848269371823	-.297480405656964	.051588306253574155
.6609614445929134	-.08621848269371823	-.297480405656964	.051588306253574155
.6481881765009776	.019349165851129474	-.3020907328078654	.025504698727030452
.6484415173929083	-.01274308052159936	-.31011361106772484	.11821907049709461
.6715693230780118	-.025142682934581467	-.3182332271583272	-.04273250475486013
.6640279898783642	-.045450693925298005	-.33252737055075854	.058403911609162626
.6640279898783642	-.045450693925298005	-.33252737055075854	.058403911609162626
.6511353526917217	.012119665615016546	-.30202886479751784	.04774062553042978
.6836301912037808	-.12721650158628167	-.3343695058373171	-.059804106649217856
.6369003933979115	-.13325097013396245	-.32298234379269053	-.061669420011539876
.6653827037027608	-.07050534123106042	-.28192565793789204	-.09378609336349955
.6497567254346011	-.08300283901410303	-.2785914891706188	-.0656789104969848
.6628158175613662	-.08026540432763772	-.28110673111352796	-.04803513928833701
.6811543426961103	-.03860401421655753	-.24123567217027037	-.01659183139753693
.6539169102455694	-.04693749819367118	-.26790539411520464	-.06858925734339325
.6259806642774528	-.05108285564187348	-.24659331382082403	-.08935562220286283
.6261953373586342	-.07876144710499809	-.2643546789767776	-.03540310371131125
.6290111418317157	-.04984627837594493	-.2677660502905276	.0763886481454435
.6165328826370516	-.06427419959322732	-.30522275648148417	.02025755279040977
.6242943864956552	-.01970793741588129	-.33250814898917286	.013645571979935218
.6242943864956552	-.01970793741588129	-.33250814898917286	.013645571979935218
.6427983955309523	-.05781063652494129	-.33517916263233793	.028035531107637374
.6300568688048377	-.05971463218687109	-.31926745140634	.0878077640334971
.6301708511622901	-.05737592713848795	-.28087968737890745	.08466517413817888
.6209051169057644	.02709820740928327	-.29897171908506925	.09852320523103526
.6325758860272744	-.0419691776300853	-.31797191789030327	.025854215323484437
.6523132530203328	-.1050574956814623	-.291737129590869	.04997523596471204
.6259476286489672	-.14932093623520531	-.25491906051610097	.05272872770777229
.6140682528470748	-.023778017636918034	-.2612526860145284	-.047364444587017336
.6140682528470748	-.023778017636918034	-.2612526860145284	-.047364444587017336
.6140682528470748	-.023778017636918034	-.2612526860145284	-.047364444587017336
.6140682528470748	-.023778017636918034	-.2612526860145284	-.047364444587017336
.6250143175025635	.05253416962052634	-.23021210833532887	-.05050830638152177
.6346771956897377	.059820245800044566	-.2200870134686426	-.03419474767631195
.6467762483072913	-.05542282858383285	-.20245683463804345	-.00706162557435185
.6193385190466744	-.02977347538596206	-.2158132016609923	.05554027380789536
.668215798216158	-.00925996323676461	-.23801187012598526	.002690804898215547
.6428479892819708	.010747911424195174	-.20946410564693424	-.03860469427627047
.6419053240420566	-.09994687082769341	-.21571582297928815	.05255066744453276
.6419053240420566	-.09994687082769341	-.21571582297928815	.05255066744453276
.6121445062438239	-.015144243800036702	-.24698205407373455	.03381934097464979
.6365298304618422	-.04786836944787851	-.2736861818337621	-.013538824240180547
.6365298304618422	-.04786836944787851	-.2736861818337621	-.013538824240180547
.6162371804089056	-.08308218425985842	-.28808903534071456	-.022625263963782925
.620624123567561	-.10552226530695898	-.2831622478296059	-.01970082860531585
.6336954469303548	-.1266308713995668	-.27727482062226333	-.016345081733340663
.6782759831169238	-.13814190409585322	-.30445781014007295	.041171939044721204
.6383223417212136	-.13240757936921285	-.3325572775374362	-.06422919726332861
.6541927397815752	-.057277392339528166	-.3376150583542786	-.027866752662957878
.6541927397815752	-.057277392339528166	-.3376150583542786	-.027866752662957878
.6140369775643558	-.04987886364286673	-.349561935075627	-.0976365985807061
.6140369775643558	-.04987886364286673	-.349561935075627	-.0976365985807061
.6140369775643558	-.04987886364286673	-.349561935075627	-.0976365985807061
.6437309761927514	-.0845572851072925	-.35889171472348924	-.0717742956234208
.671620393721121	-.0022035849290165423	-.3374164923269071	-.08136323150197171
.676415355796726	-.042445120645206766	-.3371703623600798	.020835840816672786
.676415355796726	-.042445120645206766	-.3371703623600798	.020835840816672786
.676415355796726	-.042445120645206766	-.3371703623600798	.020835840816672786
.6879347676006357	-.03603606086403595	-.3605901966660902	.1085494831739685
.6433381214653783	.014450848254026953	-.34272800793923963	.003638536308624752
.6354609518983464	-.12939937137408042	-.35196526938858047	.062487644202423656
.6408980436154406	-.013067593705083251	-.3512663076274647	.021905019705329543
.6372135648924623	.030053896357987102	-.35784163603149577	-.054204851678908046
.6347722290467136	.009424733063722738	-.37046047915307373	.05279342057323508
.6799151448242963	.004159938654380907	-.3756329127597357	.0073716556121071995
.6824321667748385	.06704988340457986	-.37528642474903956	-.030109838049102236
.6766297844307847	-.03880272675366966	-.3978720572719402	.008122416032100047
.6767933915100226	-.07784849981651536	-.3958605023122577	-.10609398922968304
.6835588871581987	-.14223123489166142	-.37303762767649346	-.051896922050651
.7201764641718675	-.055851209769990154	-.32646581877433495	-.007301170539225035
.7361816368738684	.01953469549096637	-.3124589185304751	-.06188817409584529
.7408807112984027	-.021059527191483518	-.31022643312965553	-.0120936060282955
.7747376188643632	-.03217713482513818	-.29874763825510575	.05597774971250754
.7640374628674385	-.05031973254338338	-.3155648763256888	.05214366956694946
.8142026089612119	.0017661777779975777	-.3407311108153202	.03507050409375202
.8139443532950383	-.03968457647694461	-.3314348609213684	.020563375388715444
.8222179537210892	.04085388316352105	-.3374562780750341	.039166735973147244
.7997609525770517	.014153205363437818	-.3743104688234406	-.08165777802943312
.7486312507201198	.03366433193853081	-.3600211578851858	-.07213769543982883
.7486312507201198	.03366433193853081	-.3600211578851858	-.07213769543982883
.7114713759732537	.06533004076909311	-.3797075442582875	-.12266536104986653
.7114713759732537	.06533004076909311	-.3797075442582875	-.12266536104986653
.7114713759732537	.06533004076909311	-.3797075442582875	-.12266536104986653
.7235393953593147	.012000144140948979	-.38809620700796743	.001506322357756197
.7450281633380251	.024971561571012792	-.36212825072387617	-.06759929415252611
.7368641749651704	.058561726472497154	-.39888490385913383	.040953351604248255
.7050958703792614	.013133032255130093	-.3790953986704386	-.04542847436616909
.7162456063938863	.09806416673671917	-.3223940207821264	-.03677979386905561
.7411010364586443	-.009681872031479216	-.3560251915353604	-.01914396428215723
.7411010364586443	-.009681872031479216	-.3560251915353604	-.01914396428215723
.7382923066443504	-.09945929139743588	-.32059698098254824	-.0014926057867290644
.711548226081418	-.028349739003603255	-.29967694099693304	.025962469191517307
.711548226081418	-.028349739003603255	-.29967694099693304	.025962469191517307
.711548226081418	-.028349739003603255	-.29967694099693304	.025962469191517307
.711548226081418	-.028349739003603255	-.29967694099693304	.025962469191517307
.711548226081418	-.028349739003603255	-.29967694099693304	.025962469191517307
.711548226081418	-.028349739003603255	-.29967694099693304	.025962469191517307
.711548226081418	-.028349739003603255	-.29967694099693304	.025962469191517307
.7225695125824622	-.058185354933109626	-.30774084398047913	.06461952581846789
.7346406154585075	-.12123459773327323	-.37613448746986133	.0015771528965622082
.7346406154585075	-.12123459773327323	-.37613448746986133	.0015771528965622082
.7346406154585075	-.12123459773327323	-.37613448746986133	.0015771528965622082
.6728038808528639	-.03340701663231604	-.34307838143885877	-.03180230786611656
.7123756745943836	-.05906467224476946	-.3384575688527421	-.014218647927129704
.7035604440668355	-.08695955683757683	-.29984355571493	.04491167019359067
.7013103356658958	-.09722251205829482	-.2640901403830498	.09766514993791534
.7103250930597819	-.014893222682838056	-.3226480388690194	.011393570084728938
.6493619472437686	-.07220040216184781	-.3176513648920375	-.06887112033762115
.6550049074712994	-.0333988569569343	-.335069390982703	-.05429456328015171
.6550049074712994	-.0333988569569343	-.335069390982703	-.05429456328015171
.672034538524293	.08647348388740855	-.328964785876818	.07047584643098267
.6609846504718463	.023813054853727315	-.36297287005819656	.008399559608210087
.6828227660564145	.07107907453690304	-.34908189226543834	-.009781973899932035
.6828227660564145	.07107907453690304	-.34908189226543834	-.009781973899932035
.7026854268838925	.08591201606806448	-.2975901520937181	.020226423403745128
.7026854268838925	.08591201606806448	-.2975901520937181	.020226423403745128
.7358765631016104	.08157427376553006	-.348915376253583	-.006281944416280193
.7206998397211016	.014954347170966067	-.358432904960552	-.029298236832606486
.712218245755096	.005264358427872405	-.3966110020520485	.03452411797749145
.7151882010448736	-.023617454599348185	-.4283958950206639	-.07763198250813691
.7151882010448736	-.023617454599348185	-.4283958950206639	-.07763198250813691
.7096250473894631	-.09220476792839263	-.3989014015375808	-.029596898652339422
.6865455224649956	-.04169052738253117	-.37001354923888036	.026438434034131784
.6740364881888654	-.1196673272753204	-.3545032955660107	-.061224005308045476
.6444850084669211	.01287779501861708	-.4263866842074791	.04646897545869483
.6444850084669211	.01287779501861708	-.4263866842074791	.04646897545869483
.6444850084669211	.01287779501861708	-.4263866842074791	.04646897545869483
.657634612176377	-.04031696919325074	-.40121724996436675	.12006605468081517
.6706220686530453	-.01576814813031368	-.36590207740708586	.0780900380087924
.6896122383295694	-.028887542632738596	-.34332577196770236	-.10724360463348087
.6773897287228354	-.025530626105670154	-.39424566651091036	-.049285767710541016
.6653703050930121	-.021461718019007908	-.38684380740132435	-.025293947827953626
.6826318970376214	-.05000442712702253	-.3943526248775523	.09435101400253759
.6826318970376214	-.05000442712702253	-.3943526248775523	.09435101400253759
.720312312983432	-.059465972665030585	-.39526275757408297	.00331780916031851
.7030466479819775	-.05073757358828926	-.42138955294294844	-.10522418033171557
.6479753282831014	-.038940820166824486	-.4057555364998217	-.02652994123648093
.6403740807739343	.12616552484857294	-.426542066665441	-.11129304455718503
.638533937156642	-.018889482169185068	-.44463824493626886	-.03059357348315462
.6349912577063993	-.008867095706546908	-.40506990075420407	-.12624138596984627
.6095356370229851	.03047469912695187	-.4325188689437588	-.13516242717095903
.6678063585504477	.070804702671408	-.40252834307516594	.029804784082227753
.6728034913071556	.05300803423878231	-.3786055887213664	-.07588382610912559
.6774373623452614	.03641961197953345	-.3232764456264754	.0009883535978996109
.6520058990000763	-.08517246249781822	-.3724549820754604	.06862242776972488
.631241027983809	.014542469292596423	-.3878474414756456	.04716142708772044
.6591948422175317	-.06250999204830908	-.33853501349853105	.08137427089895484
.6784890661145432	-.09430801339907656	-.30651506083427843	-.023810206926406258
.697998170508465	-.04424822102806742	-.3253573262354365	-.02031132845095302
.7345969350016877	-.10181316997272043	-.31327139728476533	-.017755728162390454
.7159342246558368	.026752955037262098	-.28768461483608554	.05126550809902692
.7201878985291941	.025738773781054256	-.268632787536358	.023016433604684385
.733224120330108	.03423485796315634	-.2661406917247842	-.01610253254318899
.6729552988599374	.05196763926938211	-.25433715059418993	-.09102547293975954
.6695147221843128	.03590914083470179	-.2705994145441938	.07491754300270226
.7313182115857918	.008872096046967651	-.25600312380875556	-.03648452638560947
.7324111877745761	-.046692944482317346	-.27437838886560395	.008339544864871802
.7005554152168402	-.036076354487736835	-.2917118762340771	.06795969895801675
.6680660081330964	-.0799099949472016	-.2822168885570113	.023227095011350934
.6326691698212974	.000556542600674538	-.25788867255692033	.019373411825505588
.6272140635992832	.04437993515508172	-.284321869200465	-.024444202426847896
.617447267128545	.03698305864641619	-.24284733111298132	-.0031720727648717625
.6526353929925062	-.03753536465428627	-.2839240214421307	.0015079622905442072
.6788572573432741	.07934109249910735	-.34103291374673544	.007812865513030745
.7025864963401218	.04505799895636735	-.35534268691414495	-.041518361690679725
.6689136970089622	-.053211282087060635	-.3259086492238601	-.14303849340171446
.6842053742247938	-.002431865765070486	-.274889661617968	-.06556162652372366
.6842053742247938	-.002431865765070486	-.274889661617968	-.06556162652372366
.6842053742247938	-.002431865765070486	-.274889661617968	-.06556162652372366
.7027343686521664	-.08476606772790336	-.27127477764711766	.011188797265928837
.7027343686521664	-.08476606772790336	-.27127477764711766	.011188797265928837
.6699767157188272	-.02998546685082178	-.27317083341018916	.12788344517453204
.6650361664241536	-.002851686821977367	-.2517029099976274	.04895858808203585
.6685119953537072	.014312068711272281	-.28828678233263827	-.061398978959126105
.668726218849634	-.03110004416282261	-.30123939389454	.006798908371705471
.668726218849634	-.03110004416282261	-.30123939389454	.006798908371705471
.6477024423951874	-.0056099953899254405	-.33242313088648845	.0018772508284663387
.6555885640924342	.044073675141152534	-.3109865681245129	-.05952571717324179
.6555885640924342	.044073675141152534	-.3109865681245129	-.05952571717324179
.6073225721791022	.047941846178551156	-.26086652284776646	-.005212999733314887
.6073225721791022	.047941846178551156	-.26086652284776646	-.005212999733314887
.5820954025098206	.02461155437716373	-.2928131875995762	.021522221844120715
.6333753930288	-.06749810567857135	-.3010400002466705	.0032104182717040625
.5991757646190479	.005613527181904914	-.3517390199333111	-.11021191919137314
.5852434060767008	-.07288613750721445	-.3195192209709621	-.019867058315254673
.5766421565877972	.027312680459305804	-.36160417022544106	.00022678514366732822
.519133062384375	.04765523836839162	-.33573519459641865	-.04701573398792093
.49311060515394317	.043170917084769306	-.34340411416038624	.03424398748645724
.4411665113754674	-.05882835725900867	-.2972851985960357	.02759898487594123
.4358309642238205	-.09321430698161143	-.3117453448109	.0571360619487295
.4358309642238205	-.09321430698161143	-.3117453448109	.0571360619487295
.4611520683103754	-.02720846620682273	-.3232926490774687	.03164819414148084
.47412782737637854	.009708810689928377	-.33680667624828464	-.09218951488359646
.4868877121423141	-.04918102075393625	-.35919821136477786	-.08252627509780705
.48720142076909406	-.03003362038384452	-.37111247063838243	.006578639755839015
.49155081095239717	.027826178767760702	-.33315249918640943	.08378426552871478
.49155081095239717	.027826178767760702	-.33315249918640943	.08378426552871478
.5299748508479379	-.029278553322247044	-.3481262738474383	-.022813451795466552
.5420798767286472	-.08283746417010589	-.359272667031789	-.03598430955507144
.5420798767286472	-.08283746417010589	-.359272667031789	-.03598430955507144
.5399971906780451	-.14290492678592367	-.3086785102525652	.04363723945956681
.5344593359146647	.01840683726099698	-.3111168211145141	.0048058832725378035
.5661927608246096	-.013369498978193041	-.3431579483610579	.047210373974970236
.5925616278789912	-.029149301730466266	-.31746882855262654	.06628280205083374
.586039610211608	-.06341854006181402	-.2896621905051764	-.012590256637324439
.5673930717997855	-.09984359276006309	-.2713380999880173	.0001158197391914373
.5682803071175261	.012391949263101169	-.3064867649518978	.023885559157896114
.5641629571468741	-.022266995336285553	-.37145727341056506	.03687661345289819
.5614247955014326	-.028490197669740504	-.37852612391139134	.0612232106818945
.5637426251678707	-.061299704319582066	-.390906166280717	-.005631018020027552
.5671652341531829	.007549969311867228	-.3609810186292919	.10260525738972293
.5621516393926034	-.02106220611931143	-.36166284114522396	.02256523317044534
.5580353790989783	-.06551874561302538	-.3395124338447198	.04152172395481552
.5297332134921825	-.057213205767328926	-.35587449522721804	-.002676794026129808
.5580105467553138	-.006001467420840156	-.3547708425083295	.012258977986941508
.5745234274186737	.05728010773773044	-.31903816018517167	.031162077471935147
.570670323443315	.00208704829913209	-.3538594970447649	.0412618013064521
.5712672226108733	-.002390853713398318	-.292576270073775	-.07872158062904293
.6190918773258473	-.06370677297231411	-.32230068955837243	-.06476808552644947
.5873047482844314	.04586214587611069	-.3281242566048495	-.032176965699212974
.6133783367306055	.020760401038501516	-.3074622029392646	-.020832517804263522
.6043866092565507	.03181000220858134	-.31599552746122284	-.06644582582649408
.5980732826749761	.04375187771340378	-.23750693255036792	.02481566982326487
.5783435076694026	-.00895639704170193	-.24157240312267667	-.03136043794342297
.5783435076694026	-.00895639704170193	-.24157240312267667	-.03136043794342297
.5686079584936924	-.059545991725943444	-.2394782039412721	-.062487287274357255
.5985685449647029	-.08733472250987105	-.23494691158143702	-.03969733479944822
.6096380333968153	-.034883193466034336	-.22661709644244704	.031490592038452336
.6245853383879353	-.0011577856507899009	-.24292622784891577	.12993323187066158
.6245853383879353	-.0011577856507899009	-.24292622784891577	.12993323187066158
.5859607098017101	.03841593770400522	-.22596735734449164	.04360682930763242
.6287618543156466	.014841368755991657	-.2529656500967481	.04134504148589365
.6081105356490505	-.03551236164280063	-.26634791028106747	.04309071140350401
.5410431968554549	-.006727032871436428	-.2798075053185094	-.0029162000376618865
.5410431968554549	-.006727032871436428	-.2798075053185094	-.0029162000376618865
.5423470323817597	-.014838139592774585	-.2601995326633194	-.04498811240181582
.5415721655467552	-.013524780576353677	-.2531500402172267	-.017144857278490286
.5144857573456246	.045003196584320254	-.26269425870827384	.052057233665081165
.5683519540037247	-.046968622917206326	-.3118585727235477	-.04855324146052348
.5134503818346517	-.01582055679907355	-.3090979361665223	.059560465006304616
.5127514951545367	-.011957664429131069	-.3029801305220337	-.04908796439534135
.49595671255697354	-.006887296035717239	-.2869186166684733	-.0290506393266322
.5106142590152185	-.07578152917807135	-.32367100649923897	.05096175932207826
.5011932050049038	-.06774431849156679	-.30968947363823635	.017214766215635294
.5354250421553918	-.09426073134129936	-.35188283403320725	.09088708453697233
.5665483335627255	-.04132616326087166	-.3209032708845928	.011847276456135598
.596025278102898	-.09256749712270376	-.3351319089571182	-.05775119305418467
.5378887202613714	-.032890084143254665	-.3196712487450582	.023389680957946517
.5035846423755032	.028657561852883755	-.3003864827372355	.010162005474109732
.4879056448727753	.039365752796686415	-.29012555774067145	.03177653913833495
.4879056448727753	.039365752796686415	-.29012555774067145	.03177653913833495
.4440586295776506	-.12959344102013937	-.28015930208824635	.009008771944950178
.49019160483738894	-.020994360576119673	-.29723062768161684	.030835448147396593
.48611259259157	-.006559435379093329	-.22009457078435546	-.034293043640709196
.4991112379630321	-.0333420009471361	-.23038350734437027	-.00923233358098953
.4991112379630321	-.0333420009471361	-.23038350734437027	-.00923233358098953
.5048943280890561	.05791864309438946	-.22462647000653563	-.058133673890491386
.5394729038253842	-.009385279577288273	-.1810087987335322	-.04297890302952206
.5572055838942622	-.013197138779677002	-.16358870654571028	-.04573368825448326
.5524767838329275	.05379450233544844	-.13406707133619414	-.041435269172025
.5520286381252647	-.06387041167148165	-.11260892911366262	.003469911488278395
.514268272851367	-.10446972076203673	-.14584575339992273	-.014549886949460408
.5107787439995493	.04178882395713547	-.14966466724102598	.025539233517174246
.5556772924447246	.103132639610774	-.11753151019429764	.08367369678038136
.5428221260027654	.10486618148914885	-.17879652467635104	-.026037974019762627
.5232766572415154	.025518583496052537	-.1600299858528147	.009124688296835892
.5348404272997114	.028723383679170173	-.183900921853518	.025819260800219075
.5552663625964093	-.07225816199003278	-.16302895716143453	.010877366237888562
.564110908047399	.0367194293974213	-.16209691840273244	-.006190402638066011
.5322909419080073	-.035853209880303084	-.2127781262543405	-.06439334418725362
.4980363975652043	.06896680502508913	-.21429695251460107	-.059663206172623044
.4980363975652043	.06896680502508913	-.21429695251460107	-.059663206172623044
.529097859890899	.02638774157641232	-.25577760541613637	-.05779541262587654
.516367641690503	.09115721440228503	-.2544074848857034	-.00757831011452129
.5244356865148582	.02680652540543989	-.27514676994887344	-.08974341874952581
.544528532169522	-.041132036157616556	-.23333753919081554	-.028171462247758974
.5322623555713395	-.05786366000999502	-.20994111744009866	.08669519729467154
.5356154454685236	-.004548179812249484	-.20620318192249845	-.01505107782866624
.5315470440824674	-.0024979397492097774	-.1862309703822492	-.020762772870828745
.5295341689787298	-.04531672815504885	-.23557234264509183	.010153349274345212
.5309798823546332	-.020978450883784715	-.2357041388650492	.00990138467120144
.5269629961997683	.027269085758347553	-.26877558407460045	-.06592725528614152
.5418163334715369	.07606727439308608	-.24734348312725	-.08293001141703475
.4916015241963717	.03340519626662422	-.2241684491262063	-.03211145802783798
.4916015241963717	.03340519626662422	-.2241684491262063	-.03211145802783798
.4739607030066379	.023832587631850352	-.22937670128517634	.014679930346444946
.4498694147866123	-.05240015981383939	-.26758874344474676	.07914053429024052
.45794610012847886	-.021474763318520284	-.25599455194815796	-.031083400673502928
.45794610012847886	-.021474763318520284	-.25599455194815796	-.031083400673502928
.44166343554796195	-.1083937822793251	-.22221514415935437	-.03522437739626568
.4311713456799198	-.10766230983953892	-.2531348637863142	-.04849459513930229
.4311713456799198	-.10766230983953892	-.2531348637863142	-.04849459513930229
.4429360860045791	-.04859890012174793	-.2376157988012242	-.0771143526923317
.4429360860045791	-.04859890012174793	-.2376157988012242	-.0771143526923317
.44579164550022915	-.025959215187639762	-.24212426845894988	.04166130571316226
.43368490147430633	-.0691525974217794	-.2660619924447661	-.013725260595172265
.47202787307808897	-.04414418109337442	-.26902461741971845	-.005214610144175055
.47420897591242805	.04010119176515354	-.28108311128000063	-.07321274926032685
.4872036747143069	-.02136776054791378	-.3036067419468157	-.04795996768217326
.5001055678016941	-.006209714007498447	-.29492456069201184	.05565690016817166
.5001055678016941	-.006209714007498447	-.29492456069201184	.05565690016817166
.48567786498466237	-.02579817487887491	-.28589351724964734	-.07119907660994881
.47012841229312213	.040379759537936426	-.23844966707851462	-.18813615891534086
.4840972828060866	-.025375823426810003	-.24122345962347508	-.05935624950322543
.49506735121098083	-.04541385754084856	-.21546540044153678	-.07160405656458534
.49506735121098083	-.04541385754084856	-.21546540044153678	-.07160405656458534
.48891966664996145	.006244389884598019	-.28137481425750166	-.04892965801804966
.49633137036357605	-.0021130128386034445	-.2782087923705833	.045077836229051094
.512656804451382	-.04781336549985666	-.3236876346343756	-.00015831677713881373
.5410557066575138	-.018481501127847067	-.3188855395258235	.03637050412450396
.5582598518313546	-.013450938353809123	-.3244816880375613	.023142086878052335
.5829834558784174	-.07136226406576414	-.294530765484472	-.03443301760010257
.5768397108090927	-.0010942520255098672	-.25343338925300196	-.07498589227841297
.5446531745402957	.12434217808381869	-.22825739887808397	-.03523279327745702
.5673583193993678	-.008394705488357267	-.24496138007910828	.08213057751282438
.5231932119456986	-.04077045096222281	-.28617393796633783	.005402101753547127
.5451327205426549	-.016693988490323605	-.2827728875164579	.039379590057176526
.5085179081774367	-.059441598094896166	-.2972043901390108	-.03828857104556753
.5085179081774367	-.059441598094896166	-.2972043901390108	-.03828857104556753
.5020905851116599	-.017893829229612013	-.2910493331165865	.08660599389867886
.4815257232409344	-.014740427781727608	-.2438157979549125	.06995680325905893
.48702380066582157	-.07619728270203882	-.272614430879163	.06855392780476513
.4791780529729426	-.08840716784159466	-.2390376298491673	-.02866646137508589
.5179006788242775	-.014162458980187611	-.2494395777054588	-.04396524748773969
.5188047964757614	.07538131875366831	-.2764049773032107	-.06619431064597793
.5418976971026535	.03797780080437331	-.2504808885437922	.004819051253917388
.5551937350447113	.009756810464343237	-.24982592379392118	-.007610912269829022
.5297000566287313	.06918483799365979	-.27398737084389485	-.09024755144931834
.5596292767403156	.017640168861000057	-.2607557857513748	.014015462639733394
.5802948266369463	-.022104704352200986	-.21992569617509722	.05993641607925077
.5754554060418261	.11286934442924389	-.24187313069879587	.0629347138676817
.5553449701363424	.19462695456139584	-.24364935307018945	.059929293576788084
.5545962985561473	.06573204075524358	-.2694021139422841	.09362097417179369
.5707771924162712	.028204679250699895	-.22530813786552367	.030505524673139932
.5500081404838952	-.03992829064620545	-.24761350869387685	-.0510356245710208
.5429348425178167	-.034604100078662464	-.30713742508910874	-.042775031482489886
.5546822079097044	-.05791851560027224	-.2616092255691879	-.08988301810304498
.5543913810390475	-.02892698479677203	-.241319534085551	.006678474087305578
.5249073028123082	.003164636229582569	-.19417743788608088	-.0296077763322651
.5193258114187496	-.0617635998346244	-.16015490062404156	-.09766105310817871
.5309210928526071	-.011254102133139298	-.18359574733560363	-.032360665322953966
.5806840295359733	.042205149450696255	-.18587092173568906	.043783588565073916
.5640355381098021	.104642126608982	-.18921260255639644	.12254292202139092
.5497968751092485	.022684197934937488	-.2183554865572233	-.017895556257575072
.552601604935596	.09641759285093042	-.21670399680994423	-.001998022040878359
.5834664975970577	.020656027672955678	-.26463577515160497	-.005455303498093227
.5753876138184475	-.017322395923055563	-.28360283932032504	-.0055104782194085634
.5592022356701378	-.01964791179386453	-.2985581030206986	-.11087558128012036
.5710942698563176	.06136322330359746	-.30118591379539134	-.03265768994760803
.5716265654889547	-.025798635105504713	-.30159384599706546	-.0444596722818011
.550505787620833	.006937408695590325	-.2666562380354302	.031771883580353086
.5313764733852073	-.05841673858241666	-.2934542305481944	-.006529112157027199
.5208654504955188	-.05746557904867695	-.3007891606707031	.02172249771702689
.48877522135919704	.08252559214507935	-.2651350598131659	-.03135984560588667
.458742562226048	-.03055662316976021	-.2467609737500261	-.03818045651565579
.46261946950410626	-.05932781190083679	-.2797434052913144	.0646719856229775
.48746852057846946	-.04770812744958818	-.270980113259662	.05036531665404374
.5190447861558992	-.10006158923423371	-.2814426972749578	.010439047289246148
.5361190714772441	-.09439693317561693	-.24093346757276654	.02395021212456823
.5249472052214604	-.19015050001642372	-.2506337971442262	-.03188081384170229
.5056848380078114	-.06915041770165321	-.24349106664574313	-.030004152813918196
.5249409214107351	-.039528331303652735	-.2692370410382884	-.04453004509422929
.5591504980904569	-.0053496129545350934	-.25641935585151104	-.002792171021847008
.5811432491848113	-.008733386021003174	-.26648636186236596	.07290451986312842
.5830529458433286	-.03552016256285206	-.28744596577058923	.06060607823422226
.593093286705588	-.055123903204939956	-.2723567570693923	-.0361134459025461
.6023301249717313	-.10697663063090793	-.2589525339233137	-.0843936555617852
.5886354983034453	.015132611897882405	-.28945907532060583	-.028294700958057507
.5862911497639512	.05473996781276485	-.3146701972778411	-.09871820178472462
.5785263130048665	.14397848785764483	-.3147473317371658	-.030512304895565872
.604219845687896	.03133666604419636	-.24377923800016255	-.07279419677482578
.604219845687896	.03133666604419636	-.24377923800016255	-.07279419677482578
.5719876796105746	.014208854870665097	-.23940482855507317	-.04741054556957914
.5576052169030289	.02675065398172362	-.2653737973227546	.028074407628999487
.516721699219854	.06348597677098086	-.3055161348989444	.014703794325757483
.509931441715952	-.00950705204698396	-.331009320100898	.11725725732066304
.5078388139378686	-.06980513282890526	-.34542656328113375	-.05004762143764696
.571568820299762	-.011688058535159692	-.36036010145462516	-.0664758057573031
.5764819919445969	-.06480997657535016	-.31851235606179334	-.0978022849085411
.5674750256348466	.0017113513826199217	-.2752844335847641	-.059006278127200565
.5869114356565455	.020964682672292304	-.3126999225004665	-.0264258144694655
.5784113449991947	-.08143705993740599	-.26365311717646855	.12709874819641853
.5969137562826101	-.020595055659255283	-.2779747049165118	.021844633775228505
.5859421816643153	-.012802255184000466	-.2665321584496089	.021794944596050053
.5187062586575774	-.01620978594562826	-.27513811327246523	.014734133194183516
.5182967373014656	-.018371973064967944	-.2980624924833569	-.055417855156425805
.48557776539986114	.06364846638711147	-.28534146837229496	-.03406663821857153
.483282898407749	-.029342395063301878	-.24652106427148557	.052468556331237315
.4425229198427571	-.016942714172003735	-.22131461712754708	.08609790341025697
.41886196266987724	-.041372429056381374	-.21633747742326725	.06709198108580199
.4314520095912497	.06369210450969102	-.1931275156709078	-.11142466141039928
.45709768237252424	.052797010562345356	-.19069470920858447	-.12141207306519479
.4190598438436592	.07171129521643342	-.1993470012689036	-.0485806414180229
.4190598438436592	.07171129521643342	-.1993470012689036	-.0485806414180229
.4184816003694714	.03385949055071611	-.22182766791886968	.12111578929931138
.400249561259364	.0025696088784654993	-.2650576141321764	-.02393561076228734
.37993870223991194	-.01321807910907005	-.2534427126985854	-.011795967514901865
.38150852203400615	.018841886167746395	-.22158218347982997	.07850082097453023
.368597485465919	-.07850305984984737	-.17723769926641159	.0968187912745249
.40023985399105577	-.015612936178054997	-.18446466116037974	.05105080079026505
.4099071310665397	-.02006806021354294	-.2503493340438549	.0590634911362648
.43544041023450136	.08451905769156079	-.23610471337517933	.017960584469106256
.42173698795873804	-.0219374449734409	-.2113007662316166	.03781726558322395
.3747669365191386	-.010050127190597178	-.20939196854864267	-.04674030956400826
.38641911560817743	-.085404245194621	-.2237562744627916	-.07154518994837222
.35888181063916286	.022309988684929935	-.23210570873095399	.010697671498658367
.4276107181760012	-.05169508001604888	-.18421674900738705	-.06615823481226629
.44137327600362236	-.06224855305584247	-.21036101504623494	.042691042371579495
.4445460202452265	-.024596736056693234	-.23912502239346042	.07418560665521247
.47679877719036995	-.046108502748751466	-.23720922668544053	-.017930347135896522
.5204934600799789	-.03459367849282534	-.24071248157562905	.026328567986894064
.5096056949616011	-.020104061724800844	-.2397943280700488	-.058640964505461
.48775302114064994	-.029609327030703892	-.222837245436398	-.09806065356817976
.4972774231209219	-.03433286344327663	-.1987158297428039	.08059132492682324
.4832139405873932	-.06792552081712645	-.19212978738641567	.06075411551385566
.47277776335844807	-.02016307247642203	-.2069368595776942	-.07742094526607474
.432660735781237	-.006912429493373409	-.21216391531382062	-.0637531586798621
.41333352832434633	-.12209345762002151	-.2137748977435124	.027028430654020608
.40876099553156675	-.024355133007089563	-.22054108904041647	-.038825092864323285
.4086578959779128	.07799953754909061	-.2094305440748028	-.09527218492807618
.38464842329335214	.02889243528178626	-.20918472303250482	-.03299437047526951
.3611231304797595	-.06637161173843407	-.23241997796338937	.0022736274910337504
.3650304569734092	-.007809517395778906	-.19830782832918192	-.07398226957428145
.4066740303374957	-.006759736807731188	-.1992754388062309	-.009333844897981348
.40685614670701026	-.0411189047343418	-.15863731339532347	.0032347898865140202
.442363113665463	-.04874819135041215	-.2264145272174944	-.021802403899132277
.4589487608336249	-.011777064732164878	-.22101863688309642	-.03483539240044679
.39920629216670733	.05282536069881079	-.19516888710858193	.016528578520992307
.40062218975190034	.013836725352969047	-.1919998133885421	.0510083405330931
.38629907632824056	-.007818766519431647	-.21609611113951474	.14621418653101784
.39830177257056193	.03318544845461187	-.21522077583049395	.012596573292732584
.39830177257056193	.03318544845461187	-.21522077583049395	.012596573292732584
.3680569033287616	-.01938680346608506	-.1915939585677027	.016013554402928242
.3251815740625669	-.033133621597641896	-.2059390155941462	-.038051138155785896
.32568995624399427	.10449793320696668	-.21512598347929074	-.058353673251796856
.38902106614173393	.05660964251985503	-.21456121408231527	.026906884680764992
.39876790660925143	-.0068872943689201015	-.23990598175026423	-.0071981350415931886
.3976925207648637	-.04170461459610314	-.20982002330913813	.07436346728967311
.3965335605725645	-.04774300476531756	-.20321737536572698	.02307646261681218
.40137174280433585	-.08502834539305937	-.2066316716418102	-.03263041112763817
.36754967595267385	.05201181310806671	-.23521317085427967	-.004421341109764416
.38562913380225666	-.006453269960147419	-.22726739835199522	-.025719656853800867
.4168245108863207	-.008653206790634888	-.2083706512166211	.000426080600297544
.442519059752063	.010644144167819081	-.19223264619305988	.04022068718154637
.4031365494518635	.08935045649260867	-.170844737804508	.039076080052394026
.4031365494518635	.08935045649260867	-.170844737804508	.039076080052394026
.3931727568764446	.030867538693035403	-.19980340456044507	-.05822107556100872
.39633652461482755	-.06297960608633894	-.23925990126616875	-.16190729397901757
.3771039365458351	-.023838682546451197	-.19374101814665057	-.04403437379124925
.3884308284229944	-.01798537404738788	-.19926927174385015	.08141639477441473
.43367224582450303	.002673424277351003	-.21671041737722918	.09082604457566175
.4275239181256653	.031800686151020004	-.20211875546672012	-.08064828586711432
.42644979386505044	-.068228834726324	-.204109968368139	-.002244181591876653
.4186718824814915	-.0684205530669756	-.25547809866560217	.09479440230973177
.37851678289974827	-.1141618160980989	-.21617919721779158	.0183272232111087
.3559355272783451	-.06036417583478841	-.1949772686373611	-.08506243509996136
.3491074363926261	-.07615740292166895	-.20912141026861367	-.040492586047023896
.37668007710351337	-.006890413269931917	-.2019902555971828	.11671717520296675
.3537612249657139	-.045719947373667684	-.19364171402813732	.019420227632990304
.369955421032371	-.04578884683161072	-.21518627587467637	.031354137082971405
.38934114660658903	-.1067191312460356	-.17568755001492806	.02711819955921102
.3747060358107916	-.0777253293500824	-.17356588711606938	.016559229647924213
.3466445564645224	.04079753802552531	-.1635357898178655	.014555605164595174
.3278360838748911	-.06885824462090091	-.17302776956503227	-.03616922394434806
.3373706040265786	-.002723664991399999	-.17758557979267578	-.10568146524506768
.32681282901655845	-.008635206849866866	-.1421303585516172	-.08029123373608651
.3420039091869132	.07929315658921969	-.1272758658335696	.0816653164330743
.3738739068234663	.005729922473142704	-.08679404542657633	-.01690043494018071
.3424221895506751	.0669908054289091	-.10128789269701062	-.06195784139476961
.34750857506000277	-.002611007088422308	-.1396433677010538	-.028277325144573533
.3497259358146726	-.09489963712598334	-.15660357054040092	.033655394998642764
.368360851900948	-.07208460356182345	-.17185432364488695	.031121199288138054
.3642681723938854	.07293034350026154	-.201094421211982	.10807184002518458
.36054864600089215	-.020517488728145815	-.19331545854391982	.05570057104768427
.3641794330307417	-.043386330061189526	-.22775350474456957	.045734328148570244
.37460453138339533	-.05427409376057802	-.1618543712932887	.03587988129723525
.3896128372077958	-.07290193470143529	-.17618458315595895	.0842210840585113
.3604427007308284	-.047666935604334326	-.13007238490563333	.10189610194815929
.3542002602129111	-.001180976238058521	-.14262827392977617	.10817663293084749
.2830479849321482	-.07557877250527763	-.1962149457524402	.12787917472172572
.284606060457431	-.12836494295833045	-.18113928518432973	.024998910887784498
.33989208483917355	-.03332217537621318	-.16081683659968926	.04646784207106443
.29669722652364183	-.07198699435788694	-.1924737280957682	-.07689798561918275
.27146542356502296	-.0370416331286695	-.17201531428259773	-.018118272610341386
.2331879297345887	.10604178872577938	-.1898196188389629	-.0018291452896784248
.24787490535662238	-.025743319697781306	-.16841701847008508	-.021965961127252104
.27937546950697556	-.023751581622269414	-.13799960575140433	.0306739324271216
.31612235042654796	-.022381029476393477	-.14956100366869438	-.11851885427802945
.345223321895843	-.031163255732053384	-.16963831497662352	.0030201892339359396
.3868033490139225	-.057556963101740605	-.17099107504618952	-.05189195104694623
.4282071782896202	-.10097365573904601	-.17384168118701468	.033491512238354754
.39093297727748555	-.01562165886308214	-.1548337812680969	.0685509140618898
.3440331148690852	-.029769941590180052	-.1593411518748647	.03305681225949096
.3527197644095152	-.05180340499522196	-.13218751197058504	.09938842983242391
.389154094013293	-.12955594487077732	-.1891703772830186	.024444531261542033
.41566136461225744	-.13195449825279057	-.1634924493973392	.07644869799515977
.42324843245037663	-.05287338615233303	-.1552844738567735	.06504509116112858
.42129658015121824	-.043813120870688546	-.1732850908226871	.05526484451991599
.37897270711562936	-.1226760338055662	-.16262435806803627	-.09849025835636895
.38439255149051543	-.08940669309284832	-.19857058431319674	-.036762694194558854
.3676998891625571	.03351486662246116	-.20910188891290593	-.055430051080731
.3666232858390042	-.027957688604525553	-.17103842876814623	-.05802394088923026
.37555870905286115	-.07612830536170462	-.21180625739891668	-.08072066267605219
.3562915807800516	-.07624830053055272	-.19264516879189916	.04553484030690978
.3391358766417927	-.020690820078720615	-.19688714905420177	-.021489842748340093
.3340089566686854	.11022913367134236	-.18115836356868123	-.037489247772022796
.3195936265351529	.003680025530577717	-.18161145758103103	-.09141471121572865
.3195936265351529	.003680025530577717	-.18161145758103103	-.09141471121572865
.33862120920434635	.03348896229024829	-.164348989254199	-.09575633523915403
.3183365717774723	.028542331756987158	-.19295748680514194	-.01069944269374036
.31132800131836963	-.0396185325933866	-.20396465668824695	-.041194248354516946
.2975740400027903	-.12465131326062405	-.13717454968755943	-.010040329902187598
.2951429664535352	-.051370097717119964	-.11669655350839801	-.05001915173709163
.3474995558036644	-.047532601200602986	-.15090142430566938	-.03312584294667725
.32065051407892453	-.014749951991485453	-.13345065848444723	.057574511277459654
.2951080202934703	-.04619141005969291	-.09418778864425378	-.005714963999526505
.2796813002788453	-.0464119367910003	-.15104467606668065	.032805455796161724
.3134705801971187	-.07241170404483374	-.13153297031233152	-.0253885854048688
.31736671599168315	-.11431256137325203	-.13212286661644876	.0644831420806203
.3490030283292213	-.04505893932938895	-.14467380462709165	.052296564674344445
.3634639319504015	-.04720367566901489	-.11213099981277638	-.00023076334736110184
.3747701157828388	.02846915499791415	-.1379659954738384	-.057483315169559554
.3289929111061335	-.01379711189881741	-.07081161119016408	.022252912644215368
.3461774041967175	-.0349296876935002	-.10083943824736478	.08493028065376354
.3419209230218258	-.027107451142567112	-.09667343834553163	.11695710862485442
.334425430615532	-.11231713110733146	-.1661901316979253	.05515014432753758
.36963101934929776	-.020519338156836216	-.16062388282025986	-.12295702629476675
.3188774408527144	-.10743736075765903	-.135621828057035	-.09428241111150265
.3325297519078848	-.08179034903190438	-.12426452180325345	-.07761270197961402
.2897680204862853	.023128017394401748	-.10742687383782006	-.07821860037823178
.2948286938134745	.01916789132134835	-.062280890967158796	.020672113233092936
.3146789350601386	-.01328901191645599	-.08417822312362307	.04001092706607389
.31814535973585384	.049742677211248136	-.12316387711894217	.002834992848497893
.3532279697544473	-.018818751037025464	-.07491016218128689	.07912099040100187
.3437006009781682	-.07660802426060934	-.0801343052229389	.0898771079422927
.35179580081587236	-.04036116480444125	-.13147260300536184	-.01949936525298272
.2988006850344647	-.1053084404482068	-.10042834601333911	.04159766818651023
.2909903292181094	-.06239456529961774	-.07428568801912712	.07395762743042845
.2922719533219051	-.1267611538088432	-.09954490206179864	.06263826454738097
.3194951294020436	-.07538751995557724	-.09523801557290369	.043336155820673974
.35350276847075346	-.02061179094858214	-.1303538844613097	.04867561928141599
.356103965879883	-.002526922604006599	-.10585352257300468	.0072272598934582585
.3742167314507125	.01195234039586162	-.13312209941014674	.1230649544597814
.39036752364559385	.02090589165556288	-.13340790683213805	.02219729832068986
.39424292031367325	.007365212138188158	-.15119034648348179	.1335808512384021
.4251842801114009	.04423162388926648	-.15132776805438108	.019901670030331105
.3976867137447925	.03190974350407318	-.1615875891481127	.11727467575993482
.3854826343361447	-.00955626827094545	-.16516155358406212	.11991910002025241
.34061397077563965	.015305123756003416	-.1822877596411053	-.014067073996198541
.30352226667899046	-.050614202148494714	-.17198612989275777	-.021803086276681406
.3209588223513236	-.07290241228668853	-.18383155011884383	.07397149449841783
.33122160595173655	.024537008564317536	-.1468687982616771	.04237812682800645
.35464782366050446	-.1034017892416963	-.1705505748514919	.11604804544414433
.34565609183211915	-.07746588441876387	-.17781967049292147	.10809290126653602
.38352348922864504	-.04944092493039079	-.17092090865006082	.09686927194688953
.38352348922864504	-.04944092493039079	-.17092090865006082	.09686927194688953
.3752314524891226	.04287167517202438	-.21138251345966858	-.015292649591306332
.38837537644268516	-.04057114055804395	-.21238104978779374	-.07252197875585518
.3982259689630159	-.0549399174817826	-.20565943371904374	-.08291878956068979
.38779917509845885	-.037327402273911695	-.16595558721044507	-.0699802780576436
.3397375944684102	.008605439151012759	-.17219610220217893	-.006562273541123263
.31338693692100505	-.047169664245249626	-.21471282600068325	-.04259172293167995
.32549941648220293	.014627216561777632	-.22867905666107305	-.12231136291988232
.32549941648220293	.014627216561777632	-.22867905666107305	-.12231136291988232
.34992932849947433	-.05464378194787998	-.22359725864035104	-.007099575056226805
.38904197510283656	-.051916786022724204	-.2061399780673173	.0710232903301351
.39909250418898046	-.0031956100610073352	-.17973215388011768	.06288823669115336
.3487625383695785	.0038544056850397376	-.18770123454938353	.0002160082365852984
.324297532643865	.07898816961814416	-.18460983624798347	.02032649428011197
.3502606047343072	.01130404741897549	-.1898822216985026	-.057874409489637506
.324641879523048	.110528633759897	-.1891302526347098	.05350458951024017
.3150124764458797	-.0072838297980084565	-.14407222289955623	.11725971833529805
.27179610680199534	-.04143861829060253	-.131402738524298	-.017292239001029622
.3279316320338997	.05405506357021542	-.1431378128246134	-.14409843580005907
.36712956588183904	-.007109269321824102	-.12572722534649616	-.06056964734914206
.3687468260638995	-.0854596569358061	-.16562784586202636	-.013377728210798443
.35909995103920617	-.004097246513118645	-.13845989545052467	.0037794548128764443
.37664284023957023	-.012399964096981336	-.14798834675432065	-.009778625568210748
.4126488109045909	-.04431698204964027	-.17719309869181193	.003994764912589838
.37586189252382496	-.07564605976806688	-.1753915161209709	.021969372612979876
.36106578867526434	-.21374177123512975	-.19213853148774857	.008746596350733393
.3614247191346672	-.0412629914798687	-.17708699460643706	-.0158110249627901
.32142392344661785	-.061721742179545104	-.22402725308897814	.015193287694911283
.3290978141820291	.06645638113959722	-.1839107028506176	.01654258252542996
.3660060804064503	.00814947860533604	-.20375206195620973	.08036694697244916
.36203451999259195	.04548307871679394	-.19468965914886008	-.020360157213476008
.3788203806699464	.04897658191720607	-.19701002103566967	-.050113705609855466
.40918779662093585	.022847909878337416	-.20595661249352049	-.07557702850514005
.40918779662093585	.022847909878337416	-.20595661249352049	-.07557702850514005
.45593601045621895	.031007802824687476	-.23316049875769454	-.05953677491708982
.404586075279335	-.027175470860528565	-.21504775940526424	.0598543908899916
.38456097770157305	.009169174825453891	-.2052202505861215	-.04872189704821346
.37297097687395275	.011988313430819138	-.24120494769069456	-.03910391370549383
.38822455862939	-.05450608239320398	-.2957099290956307	-.13178245459060944
.4068541403403291	.007842218335242696	-.2677374441739616	-.01306124420051126
.4139053617206593	-.012082947221882159	-.2511090843157058	.0026461702609476014
.422541409728476	.018739534436234283	-.24068461837004468	-.02306190619665162
.41502921864086045	-.04111460477847832	-.21788120817040063	-.1009376581829636
.3739982513694929	-.01952716885608197	-.2100772390747182	-.04134665702469399
.40665029625867516	.06231972510198704	-.15916813119417692	.05841114033713555
.38410197670126633	.048496015145698894	-.16822468225484716	.044584668628613405
.4206322520089628	.07448358578860573	-.15824558933014524	.06505588435194776
.4415767459916958	.11555086686076205	-.16850705849655778	.029219756606350823
.46668267532936825	.03757768845669912	-.1796155486249291	.11814144737670301
.453227753476699	.05988251308569669	-.19521478358380162	-.05732275462730266
.45219261377789527	-.0772572438818073	-.18608796881549106	.051886428418430185
.45697551456648305	.026308314980612556	-.15501597126300182	-.03422063477584259
.454519733153427	.02625071975704566	-.1525505528945714	.030301887258293303
.4244336475841296	-.02727154123863018	-.18085001033727863	-.06801169501587583
.43328092886650704	.020282102076351883	-.2358997880148615	-.1109933997851774
.41157512914035976	-.027406943381992323	-.19691042356272107	-.12878938700905457
.40286764850971785	-.036246214212153946	-.1814126263816811	-.07345096622492525
.4111411750498527	-.03640507597315071	-.20039332296606052	-.031859078333688576
.40752822053987303	.006891527312248812	-.2151600256102136	-.028490581866333402
.3805536781777612	.05961203922614433	-.21760358532542842	.07001446317251675
.3901078894261805	.09055686555711852	-.21693099996501086	-.08302320622469966
.3484242410048589	.10094209428223776	-.15310249686762778	-.12443522798493055
.38183820866852636	.04570000185153074	-.13873188502109202	-.0624667616883099
.3824153982374154	.08500336527269282	-.14766900444821712	-.03598721711584251
.3819366912300942	.039836859107897526	-.16414480797978975	-.013303220244682248
.40763054047247416	-.020228287919360613	-.1795024125399838	-.002769712567317661
.388610135260101	-.021203791292863122	-.19295951517650609	-.10103076261727761
.39269239510280696	.07046235256455122	-.18754512316071026	-.06060187543819397
.39014770555339706	.054594990932981605	-.18708010385800372	-.08877678664617458
.3880313182444516	-.05948958156818673	-.1758237428299387	-.008279100506242747
.3696087711925053	.00368385377164265	-.12793702201883353	.02462738709501248
.4056460822089673	-.03598505515824568	-.10118567165358178	-.0033504000960376513
.42640840453044265	-.02166288527028671	-.1231167210395342	.015246077826115322
.43496340456434246	-.13485310191501335	-.1274176632498235	-.09391489975504591
.4400595259676037	-.06026465335061104	-.1080540331586062	-.04181247870416854
.4400567885310693	-.06568117782708724	-.13352321953130986	.005348592317966565
.42379263238820697	-.043779802601435186	-.13075710227164625	-.0023541584376322662
.4221901228193865	.06358166836976024	-.18476211425489025	.018441956950740197
.3704749312816408	.014989892222837243	-.14380140793143883	-.021463111839576634
.38889877891746916	.026014218836399976	-.12359970294038515	-.06705474436601097
.42541925014461357	-.02328945697861532	-.11218241483887248	-.037890138808077664
.42904578621599254	-.027440614023493837	-.16284905906617964	-.1022374087457095
.43568691235873247	.02528330924872394	-.16267788026330635	-.0018579011747973315
.4556653434325581	-.0505228285257482	-.16152650040364214	.12254522017606212
.4495694710102644	-.118690405075616	-.15507918871957932	.04495942306297154
.43920378333544197	-.09227928483192163	-.23649373179713598	-.0527210657070106
.3988814066442633	-.0797001065907752	-.21333278283475293	.009021968723870719
.43051484301913645	-.0879912988963904	-.21158864356406384	-.03278622359305234
.4379934841283211	-.05722454542583067	-.201920145947857	-.06900143397900567
.45968121445753596	-.05479146218541708	-.23267976546120653	-.07025108228737624
.4878012294966762	.00547060169397489	-.22651660251726846	.023418274702008732
.4544066292434865	.012010736101671412	-.20622825419782953	.055533392328447555
.4646370005045787	-.003189717534385558	-.18048222032282274	-.052105074336454366
.48480890667595106	.03447869548164668	-.18839812333928418	-.017847880468095156
.45473592324211787	.05236351137416373	-.22058627650879115	-.05735171136277639
.42437747213584565	-.009668197922671984	-.22086288942884755	.02339249242935044
.44039194919995933	.013486823985682468	-.21024141732353793	-.003333361898230232
.3934418761241922	.00803631103809086	-.19455085790867713	.040179640864353286
.43681859559204356	-.03805416764446194	-.22992784667828348	.0023111214928258454
.4510817023181829	-.023861677987316365	-.1869524448655645	-.047620731199231214
.4714020975461903	-.07510271363357579	-.16182198629817873	-.03798645889382766
.45127516895758446	-.02011246786798957	-.16649579464849706	.06439125000643045
.44456063870499396	-.02265815025589463	-.16948392352523267	.05757684912440819
.41764378523596984	-.005469433408082378	-.17058750664802166	.07513062805376954
.44219833658588015	.04751935897097561	-.15991156174551727	-.06084161283325559
.44219833658588015	.04751935897097561	-.15991156174551727	-.06084161283325559
.44617594810015504	.013802467983920232	-.19258870432566166	-.09342273071160458
.4351947552179161	-.006800045507939745	-.19785605334175574	-.07552134785300857
.4258716481416126	-.0001137034600771508	-.14960009370904867	-.006926349455570833
.38159747986387477	-.0974274744925741	-.12257268211614492	.04063335075029185
.39190362872293716	-.009402157799819018	-.1641236149362658	-.06526910871563663
.3989888685195531	.030081918417404183	-.21412250746614286	.006072126201354245
.4063693314682914	.002610662927845366	-.23569781069958848	.025047827297185035
.38016562916673	-.10735177452208791	-.22345249431618983	-.07072930655277132
.3918818097297629	-.0528953127193208	-.2430932535229688	-.0749153429421099
.36282291610705586	-.038295655001980705	-.22207563838796693	-.10556376645470006
.3791172539537909	.044912558899584024	-.1680921272426856	.043277807501616444
.41190962372148815	.017068257008868284	-.19457430820951707	.026994843166143267
.3691538860972655	.03093996797107692	-.2180070606620372	.028222123523055913
.3563506040750672	-.11311794181197132	-.23392161454639518	.07527178659182454
.36461377514046084	-.058848069254779034	-.23549999638078808	-.04257120853059359
.37645507164564157	-.0729345969473262	-.2454034470469592	-.024685803290275005
.3651781324687129	-.045171731975680744	-.22056632515873373	.0381370809271222
.42942304192047315	-.11457951892457921	-.21143865854721067	.024002076690788694
.3957754437708844	-.07944682273040542	-.2219419551256804	-.07074504633237497
.39861096638540894	.10423506860446617	-.2045655401698704	-.11989426702433631
.45045458402083927	.007720299466059136	-.21913597033824694	-.038041629425426854
.4197808056229095	-.029508961129369255	-.20880895291925333	.04092790999302387
.4258277735627495	-.018171685862289517	-.20814351949188575	.006380552287275433
.43357697907695236	.11885115657469923	-.19422036000455692	.01710643421398454
.4214813165983751	.051856298471301465	-.19493707566664936	-.040372785333353034
.49413288881602835	-.028232237551360555	-.1881279652010685	.09104553156156112
.48746366128524066	-.15302441486867668	-.15165991224402714	-.12861685350223276
.44389242507323784	-.10835636505573858	-.15598207629067257	.029559996813123487
.4267548677908165	.10290473749679636	-.16944416555682645	.020821027624725152
.4218074931305664	.0713360090314601	-.1942867511110807	.019380990975402912
.45673604373096083	.052821150690234374	-.16044920199272591	.025873040530145174
.4885653502886377	.002172935130017038	-.142487786286293	-.06437783369664686
.48848499734085826	.06763446124741213	-.13216554893692953	-.024332790557137038
.487916685569221	-.004934591504304418	-.1742293624359227	.02942775270471617
.49087110026143016	-.07973128009201874	-.14742471819364888	-.021749719195939682
.47531853288743786	-.03312922216333241	-.21121273163929088	-.08597100088694445
.4748819386085712	.03580059813736065	-.19087906369165558	.029866196561417237
.45063192868545626	-.03454541774793807	-.19213011862140528	-.019243674238792075
.46710557577746176	-.03560553018779216	-.1855616163944393	-.0559460060892349
.43953534117694903	-.03646454509742745	-.18129110370682708	-.03441156790258867
.4626787719588904	-.11028224763667634	-.1577481778875004	.0012717941288866129
.5011693327190644	-.026389888172623256	-.15004661126786037	.030333728047674324
.45994176720133617	.011228770549732328	-.17509297291324186	-.049876076447051415
.4707362785837343	-.008963277127360551	-.1989190684214856	-.052998255278468166
.4630602244499091	.04992116894727082	-.20795724434159935	-.017909965544473376
.4529543955214836	.024270514090915015	-.17629646812082023	.04271233741289598
.4708540906446787	-.06061565938341296	-.15173916457134176	.04327606873937492
.5312864577403329	-.04711186601314912	-.19531314448392936	-.015631903375490343
.5205978692136382	.0028337381986253875	-.2182903198208068	-.03655751724320356
.5272856287582329	-.007783333981220001	-.23826176124453782	.11376318166564746
.5415253977617327	-.11581320554957114	-.24109161958158187	.01800931474944598
.5687009598450163	.007516479019500467	-.2168674849902455	.020893576311533605
.5499135642796588	-.007888857541367656	-.21477741782392587	.013532041560258331
.5285388265182294	-.029022530994868796	-.23204566722998377	.049808907336629134
.5599953263327629	-.010162755284735776	-.251563240557509	.037250511702570606
.5608584738590177	.044293481829210175	-.23916128931340297	-.012521535687820768
.5001660033025073	.020739403923274634	-.2435977704854827	.005905104289225687
.5299298975211427	-.0007476905992859018	-.27259782003688404	.07406632380648534
.5411591024243851	.029646723736588766	-.24443456734137092	-.020412503783591964
.5313153866368641	-.039763633344861535	-.23235194931377307	.07137416422015055
.49539409799164896	.0020649610569103668	-.2158776374358457	.011660620414718782
.5294727838252359	.04146327005831855	-.19627451284515574	.08157613321715568
.5331339280677562	-.007478755900417146	-.16928482030823694	.007180159902123007
.49661559770573516	.04162188358619802	-.1539911584925829	-.009964222686575246
.5230459251905781	-.009745359544026135	-.1418782129643328	-.015144428682061008
.4825337619366519	-.010933508943879825	-.1782511010256424	.09797684222254949
.4602194131770243	.07930672200422323	-.2166309087763662	.04349924677905868
.5222058340707678	-.05527616873683533	-.20503120976741332	-.10553610729861737
.4833274363529016	-.09503549331018403	-.2057850613322766	.05217417309842971
.49400691648787065	-.09970585019145493	-.17271746950168884	-.022359154015658703
.4779310699909644	-.10913815499780549	-.18030600183889475	.029761966541861442
.46784436260467854	-.09056735680294586	-.18133179762799112	.003108592055639024
.4614540575676443	-.02961862049246039	-.16370206184952996	-.09640109338976267
.5095422336780631	.03725195880533462	-.1499228265826529	-.05488777892102106
.5015511958102329	.010029963740468495	-.11879871460797027	-.051013290789201485
.49149579281484856	-.04111202650336302	-.1443247129188581	.05490147875500014
.4620942347480525	-.0669740228405776	-.17977721271903369	-.006193638126651322
.4601562693960224	-.026765620874595095	-.1510521577271139	-.029153027655988865
.4299157630041194	-.00937161986142154	-.1918700945658719	.027851449536831968
.4007430260363986	.00315512115148737	-.18702699158838407	-.08644584082641697
.3664113728012395	-.05682898802354014	-.1914491215830942	.029090154028229297
.3890360380315009	-.06222973644943984	-.21127116022997783	.02068808624019019
.4597892040642253	-.016561202781299522	-.21393145622490312	.04563815190532253
.42211574818767317	.03621828424595239	-.23142221029125795	.0453506438543501
.3898416872003664	-.032939376920798395	-.2662673588108297	.036057173314746324
.4004338500604668	-.10384060332929312	-.2453207398868752	-.02141974470186316
.45927593692684443	-.05861707315034832	-.2620919004156326	-.03637112992765017
.45927593692684443	-.05861707315034832	-.2620919004156326	-.03637112992765017
.42673664665647665	-.004783477078198799	-.255253399585741	-.03562285068679863
.42424560890850155	-.06010551085191914	-.2833374889779632	.04056292118678327
.42773885647153015	-.1037404203232846	-.23489781690026146	-.017308972482420425
.45987415478947463	-.025996599638854357	-.2533875930718774	.027055520014108894
.4759595946273239	-.0545249934908319	-.2193953682091133	.12615917948677802
.44384033159103053	-.09364824385806222	-.17901898397989613	.028192818894959483
.4534275087735533	-.04701894277211667	-.21399902401683338	.051655978327265685
.4451644482873762	.03359378289572357	-.22494117457652166	-.04838207025972674
.4355550354643584	-.007659528352448687	-.27128830005926435	-.07571106689850343
.48149712830559277	-.037705906450388925	-.2765127474746279	.017937300871333637
.4919090661303119	.0928420559216076	-.26617535342234216	.0035029746055812577
.5149548647028603	.04495745438287479	-.2452745560480795	.0076521793117677855
.5677813493887631	.023901245508881813	-.23781957505583098	.06234901074859284
.560944162251199	.012308990918314016	-.2388009119061571	-.08594454064769007
.5579533565265119	-.03899919137696202	-.22855941649848444	-.08574556853330881
.5433500950735943	-.01363138078113122	-.23039227860350067	.009251293191109079
.570251668834886	-.0559504769362585	-.23245156947352774	-.05686258613086671
.553715269882358	.02838167777305035	-.21032175297300365	-.02620059956795369
.4761010913707791	-.09285919162348044	-.2064058909225004	-.021040798494233806
.4536404764275707	.021209643046271424	-.15503811231737769	-.01893773236024132
.4650082883694503	.08133538713857824	-.15412283029878865	.07358548040036317
.49360543139777374	-.0361329687869109	-.20746952896871224	.025992422973238304
.5052221967456547	-.008060035951774975	-.16256651195553812	.030241138134256978
.49592379364463324	.03833979112193706	-.1576270525741454	-.008860467927054316
.4761855828694146	.019385802682127556	-.2055685945210678	.0068149402418439245
.5107921812598548	.09060030190536435	-.19501498846646942	.04623661416673583
.49566628192493584	.03556521975849113	-.1901066775601354	-.07106524511826699
.5206224346012122	.08468718759865064	-.1899671274688906	-.03206547323139659
.5064260521093374	-.0556302214940647	-.21278818562189722	-.03253709688727291
.49593831452631854	.03485530986352467	-.21700695289564279	.09416843877686049
.47609343956984657	.022416572185469025	-.2029059342151696	.11252315030750157
.5031374835188177	.0018405247700221854	-.1876514200068014	.10148209481578159
.5031374835188177	.0018405247700221854	-.1876514200068014	.10148209481578159
.49155840225501735	-.03805977538810294	-.16552033022485818	-.0001164933536662617
.4334083786410512	-.08187905974527729	-.163814742867531	-.051314572263902174
.4439296099894237	-.08824569873097418	-.16002848396989827	-.02602120830439077
.4580564404478049	-.09897942133515236	-.23501596440992562	-.0392710102327435
.4444305613649252	-.08444075623678315	-.23560740012573578	-.05179461839398683
.4732248215961042	-.09121028669941884	-.19415055197470732	-.05052450296561148
.43844590269206923	.055905921486942824	-.20403901271853728	-.02699543083055128
.43990304562018606	-.0668747952445097	-.17916477795682595	.03154863269629631
.5005631960802038	-.03088481784885999	-.18261561187543518	.003026310370136371
.4930592546160454	-.04751808825249031	-.22612366323295313	.06455519881396705
.4659434681232429	-.014688009972186365	-.21484172328477993	.13026195581298017
.4429525684074321	-.04903138232586348	-.21902307098059784	.0863993593719295
.4185408637252862	.06816552697970202	-.26056843451211986	.042094036540427024
.452024647189974	.07599314806334433	-.30096497195233995	.04404610389033196
.4429081727417789	.06883016861309955	-.3157254293428251	.012155527885696715
.4801967534376272	-.11655151717109126	-.2918401677805468	.002857970271582455
.4983326615577449	.07721717230890633	-.29260426489769276	-.07858110272533203
.4998442037126089	-.03745356439650881	-.29311135533145377	.016452980907947386
.5012713904343531	-.03738785106629423	-.27628233426136956	.002825860443313859
.49837849161411824	.028146994274592906	-.2391862206963146	-.0649715681354611
.46046522210477164	-.00963124896154999	-.25082832147412576	-.07708809866770776
.48630578553804304	-.05323360226144738	-.29841220388118284	-.03386377561849127
.5116854205317269	-.10696760938206734	-.24676672682135548	-.07607129208044884
.495198473974816	-.10594195369187036	-.21554828725496347	-.06236244334170163
.500469471552827	-.03856695929402722	-.20584690089511995	-.07887483653570904
.4886198845472771	-.016448972907158306	-.21889070323741	-.006753962354062356
.4886198845472771	-.016448972907158306	-.21889070323741	-.006753962354062356
.49958696691478366	-.06770125593616426	-.2184498760991924	-.04608713438211552
.49958696691478366	-.06770125593616426	-.2184498760991924	-.04608713438211552
.4650081600669152	.06268244924287728	-.22657284990813759	-.07446031572275
.5319199839846628	.06659022749526047	-.23999970410733312	-.014910313664452461
.5388017560779863	-.08003591244041555	-.26932879197351506	.047052434679574
.5388017560779863	-.08003591244041555	-.26932879197351506	.047052434679574
.5262276654055452	-.17000348118464445	-.24975296164565908	.04390580757388115
.5219107138882219	-.11289684376244902	-.23119467067325195	-.05716146774262984
.48780941390453253	-.05937427986875885	-.24020210210954937	-.02794880888532595
.45894832273134106	-.02778212393165175	-.2506939521141883	-.06505637256936674
.46566138357913267	.09144811441596351	-.27578725796605374	-.013109261234594435
.44422437587781993	-.0419953631695654	-.2543567262789798	.06277606492582384
.4550867552805562	.007833812025161256	-.292510577284628	-.029106247743945636
.47055535786986963	.041195019187719555	-.27319216536150054	.0035685314695690956
.47306158177907215	-.03378630332219855	-.2557757460074991	.056601612557357385
.4417372171994345	-.038890948653316444	-.2824898024034293	-.06128038741217043
.4584399978262004	-.055275922300012444	-.29815422054405105	-.02931509908342215
.438802041964261	.014197620840584967	-.2946859602295856	.010759412792121618
.44170962748152537	-.0011000883499063278	-.2722089124745681	.0010380954341443179
.4917587686962581	.015513613402087558	-.3015328503067709	-.09896352087534585
.4998276630046603	-.02223143788750876	-.26344307083645	-.06258927148510995
.4751601531564538	-.026645690220913877	-.23335670217954055	-.017173392329993965
.4506384996337448	-.06471630591096689	-.2540772798373449	-.08030172457482235
.4355952006614342	-.022458059334054335	-.2567688958638222	-.08499393572869127
.43019161751704554	-.04075863943584353	-.23305763306458074	.024577134156690376
.40879145563106123	-.037706780253597354	-.24927470348620057	.09725713482974778
.4004802337526026	-.0475177800334706	-.2155890092933049	.016574403620583225
.39843266224233126	-.05424050929665966	-.19313590067221992	-.07649481000358448
.38150378651565525	.006687072008770365	-.18780662016677666	.003276127699734269
.3854224446982277	-.04585988788486802	-.21919124085765057	.0418394771404537
.3956323428446817	-.04995270131415895	-.21991057698094557	.026444806169510546
.41432382460809913	-.0020247191620299462	-.25370548493948886	.012005614225373794
.44776885554726903	-.10649469185218961	-.25255570651059717	-.045347748599648935
.4109087930758007	.039651165323938274	-.1893325896969431	-.016334811917511936
.37942941335202957	.09474331288170706	-.24373240147404043	-.0114688821522988
.4033032405620847	.05084608361627278	-.22563294819943036	-.03286646436102341
.350473823818124	-.02467447845540546	-.2269616054504282	.055449701728292555
.36013052441549526	.02650917246841336	-.21473823102076275	-.022087397708666308
.37636944958501123	-.07774070092381155	-.24826107107837417	-.010747196067195389
.4166651030971901	.028191724923049895	-.2104763775388454	.057671109481328114
.40871767149399746	-.036516364272988114	-.24043551119445775	.016130062042705506
.3618953701163603	-.022878995440688613	-.19693762179067587	.029757572706069168
.3163468936459486	.016079364972016508	-.15287089675419185	.035600056286838024
.329047265197075	-.031220309191619278	-.15119769556506782	-.003165443860756804
.3643023983221395	-.059742989875688206	-.11676555956455642	.03345180717576125
.3643023983221395	-.059742989875688206	-.11676555956455642	.03345180717576125
.33748318693504603	-.0977281478836003	-.12770295440445834	-.02694594188810527
.3371763287073337	.05073780503624058	-.16309303751548787	-.014544874214181614
.31723889964885266	-.03894929031594564	-.16615600384379314	-.05714850316670334
.32375394467928165	.029568894692335	-.1819864091631075	-.06609726751155537
.3778874240159408	-.015330866929800246	-.196600619360814	.038546415377299414
.3596760950682222	.04508604343106275	-.1490935795966739	.021899355344889557
.3586343582249547	-.03812470942952986	-.15567013176955166	-.004751558304547138
.3787662880922972	.011048204876543816	-.18572479723703608	-.010323322910980244
.3787662880922972	.011048204876543816	-.18572479723703608	-.010323322910980244
.3717915240977602	-.007351406086544678	-.19336343831565003	-.06980672565703633
.34677426452392746	-.0387649963056097	-.20477756888990922	-.04374301801630244
.32775052586448816	-.12987955765257328	-.21649823408650495	-.021136195513370114
.36721800449484465	-.07920191873446679	-.20248196584949937	.00510428371583834
.3649643980701314	-.1598397038949854	-.2072460488287655	-.06087830375539975
.3937350407595639	-.000888814878766065	-.20042687692490702	.0014933920495060638
.4047921484438536	-.02010603264947127	-.21500458604191017	-.026585526633370025
.35809940993114653	.03358224977204915	-.22716773292769335	.03004814197222405
.40280376184944944	.022169542875814803	-.18791087559232061	.013027973311101452
.4135779821664723	.08338132450662405	-.1230476984585549	.02627878292862169
.42940405051672076	.10463761917976849	-.16397589080477706	-.026090661771214975
.4148585580580694	.020829280679898608	-.16306434577030693	.04538657055999571
.4183919719464674	.03230730193722582	-.18499361272930784	.08246866874873658
.4390197391154027	.016180795188035994	-.19374630265726692	-.030452806852315443
.44520443556099365	-.022196446484433106	-.2013172543609546	.008736345811056615
.42216248205606105	.07114273549017025	-.17125428390527903	-.03780230107767221
.40230752717919016	-.07714868741003558	-.24677149978298069	-.07329068397848162
.43572889675423965	.0041939193923377464	-.2428924711083653	.003909587669428722
.41076080390909425	-.03165497881158101	-.22913547915626525	.014883629039994808
.40675252337487555	-.007570216164511534	-.231251831698633	-.009463066017425739
.3852645189917367	-.01629480257343012	-.23728513007712215	-.04161146161562518
.3882989067633462	-.019677609309973806	-.20664967421709263	.035192615779666224
.39729829479773693	-.038773771259802525	-.2095941457332266	-.05450429523339609
.41495246124717083	-.057905880204327576	-.25769090563484	-.05866205155195334
.44173721218171635	.005428722991504892	-.2393430562391502	-.04724567496744292
.43847281063889587	-.0015173906367146322	-.22581599878625477	.006590589243303509
.44144153186594265	-.0397306525563953	-.25604559864750426	-.08671744200066396
.43299919672875875	-.03793953212355146	-.2688187318094243	-.0847542058597879
.4580165062828746	.06169533428936479	-.30193675305010953	-.0011342390190252592
.44081496453473235	-.01162662571981183	-.29668895631143316	.022627463643724404
.4024543233304439	-.03196985046965498	-.2792939644441082	.044750760819673135
.4517710675695185	-.03965082057024097	-.28111996698141223	.09951637131063033
