-0.0008458117388339116
-0.054255936036233736
-3.501915513964692
0.9804782144682287
1.010288064892571
0.8669707561756439
0.4722988021290082
-0.14527291991061764
0.2402970521493654
-1.054559481577576
0.8204055371225867
-1.6291525139256877
2.1605333114949374
2.026014286745512
1.0900986036399045
1.6211178906112256
0.26845609748910204
1.4340626440453565
2.205187497270184
2.903960607250996
0.8427201135700878
-0.3433486486730041
1.8786422924148019
-0.8967193616836893
2.7626716543486114
2.287627901179138
-1.0083723739534796
2.522012943468711
2.1597451824506755
1.6991146993845485
1.1449114337589492