0.1
0.1
0.1
0.1
0.1
0.1
0.1
0.1
0.1
0.1
0.1
0.1
0.1
0.1
0.1
0.1
0.1
0.1
0.1
0.1
0.1
0.1
1.2000000000000002
0.1
0.1
0.1
0.1
0.1
0.30000000000000004
0.30000000000000004
0.2
0.5
1.4000000000000001
1.
0.1
0.30000000000000004
0.1
0.2
3.4
3.3000000000000003
9.9
1.2000000000000002
0.30000000000000004
0.1
0.1
0.1
0.1
0.1
0.1
0.1
0.1
0.1
0.1
0.1
0.1
0.1
0.1
0.1
0.1
0.1
0.1
0.1
0.1
0.1
0.1
0.1
0.1
0.1
0.1
0.1
0.1
0.1
0.1
0.1
0.1
0.1
0.1
0.1
0.1
0.1
0.1
0.1
0.1
0.1
0.1
0.1
0.1
0.1
0.1
0.1
0.1
0.1
0.1
0.1
0.1
0.1
0.1
0.1
0.1
0.1
0.1
0.1
0.1
0.1
0.1
0.1
0.1
0.1
0.1
0.1
0.1
0.1
0.1
0.1
0.1
0.1
0.1
0.1
0.1
0.1
0.1
0.1
0.1
0.1
0.1
0.1
0.1
0.1
0.1
0.1
0.1
0.1
0.1
0.1
0.1
0.1
0.1
0.1
0.1
0.1
0.1
0.1
0.1
0.1
0.1
0.1
0.1
0.1
0.1
0.1
0.1
0.1
0.1
0.1
0.1
0.1
0.1
0.1
0.1
0.1
0.1
0.1
0.1
0.1
0.1
0.1
0.1
0.1
0.1
0.1
0.1
0.1
0.1
0.1
0.1
0.1
0.1
0.1
0.1
0.1
0.2
0.30000000000000004
0.7
1.2000000000000002
1.5
2.1
1.2000000000000002
0.6
0.4
0.4
0.2
0.6
0.7
0.2
0.6
1.1
0.9
0.2
0.2
1.
0.1
0.1
0.6
3.1
0.2
0.7999999999999999
1.6
0.9
0.2
0.1
0.1
0.1
0.1
0.1
0.1
0.4
0.5
0.6
3.1
0.2
2.1
0.5
0.6
1.4000000000000001
0.1
0.30000000000000004
0.2
0.1
0.1
0.2
5.3999999999999995
2.3000000000000003
2.8000000000000003
0.4
5.1
2.2
3.6
1.6
0.30000000000000004
0.1
0.1
0.1
0.1
0.1
0.1
0.1
0.1
0.1
0.2
0.2
0.1
0.2
0.1
0.1
0.1
0.1
0.4
0.1
0.2
0.1
0.1
0.1
0.1
0.1
0.1
0.1
0.1
0.1
0.1
0.1
0.1
0.1
0.1
0.1
0.1
0.1
0.1
0.1
0.1
0.1
0.1
0.1
0.1
3.5
1.6
0.2
0.1
0.1
0.1
0.1
0.1
0.1
0.1
0.1
0.1
0.1
0.2
0.2
0.1
0.2
0.1
0.2
0.1
0.1
0.2
0.1
0.1
0.1
0.1
0.1
0.1
0.2
0.1
0.1
0.1
0.1
0.1
0.1
0.4
0.4
0.30000000000000004
1.8
1.4000000000000001
1.2000000000000002
0.30000000000000004
0.2
1.2000000000000002
0.7999999999999999
1.5
0.6
1.6
8.799999999999999
9.1
4.699999999999999
0.9
0.30000000000000004
0.30000000000000004
1.1
0.6
0.2
0.30000000000000004
0.1
0.1
0.1
0.2
0.1
0.2
0.1
0.1
0.2
0.1
0.1
0.1
0.2
0.2
0.1
0.1
0.1
0.1
0.1
0.1
0.1
0.1
0.1
0.2
10.2
2.2
1.5
6.8
5.3999999999999995
4.
3.6
9.6
0.5
12.5
17.
4.3999999999999995
0.30000000000000004
0.2
0.1
0.1
0.1
0.1
0.1
0.1
0.1
0.1
0.1
0.1
0.1
0.5
0.5
1.6
2.7
6.5
6.8
4.8999999999999995
1.1
4.3999999999999995
1.1
0.7999999999999999
0.30000000000000004
0.5
0.30000000000000004
3.9
0.4
1.2000000000000002
0.2
0.1
0.1
0.1
0.2
0.1
1.1
0.7
0.30000000000000004
0.7
0.2
0.1
0.2
1.5
0.1
0.1
0.1
0.1
0.1
0.1
3.3000000000000003
0.1
0.1
0.1
0.1
0.1
0.1
0.1
0.1
0.1
0.1
0.1
0.1
0.1
0.1
0.1
0.1
0.1
0.1
0.30000000000000004
0.1
0.1
0.1
0.1
0.1
0.1
0.1
0.1
0.30000000000000004
0.30000000000000004
0.4
0.6
4.1
2.6
0.4
0.2
0.1
0.2
0.5
2.3000000000000003
1.7000000000000002
1.9000000000000001
2.2
2.3000000000000003
1.6
1.8
0.7
1.9000000000000001
1.2000000000000002
1.
0.7
0.30000000000000004
0.2
0.1
0.1
0.1
0.1
0.1
0.1
0.1
0.1
0.30000000000000004
0.2
0.1
0.6
0.1
0.1
0.1
0.1
0.1
0.1
0.1
0.1
0.1
0.1
0.1
0.1
0.2
0.7
0.4
0.2
0.1
0.4
0.2
0.2
0.5
1.1
1.9000000000000001
1.2000000000000002
1.7000000000000002
3.1
2.2
4.699999999999999
4.199999999999999
2.4
0.9
0.4
0.2
0.1
0.1
0.1
0.1
0.1
0.1
0.1
0.1
0.1
0.1
0.1
0.1
0.2
0.1
0.2
0.1
0.1
0.1
0.1
0.1
0.1
0.1
0.1
0.1
0.1
0.1
0.1
0.1
0.1
0.1
0.1
0.1
0.1
0.1
0.1
0.1
0.1
0.1
0.1
0.1
0.1
0.1
0.1
0.1
0.1
0.1
0.1
0.1
0.1
0.1
0.1
0.1
0.1
0.1
0.1
0.1
0.1
0.1
0.1
0.1
0.1
0.1
0.1
0.1
0.1
0.1
0.30000000000000004
0.1
0.1
0.1
0.1
0.1
0.1
0.1
0.1
0.1