0.10000277777520576
0.10086672478887419
0.1032708104152525
0.10720761654521965
0.1126649956674142
0.11962610835091111
0.12806947520540782
0.13796904315858932
0.14929426584616565
0.1620101978665278
0.17607760260918762
0.19145307332428324
0.2080891670595754
0.22593455105165422
0.24493416111964894
0.26502937157269624
0.2861581761068962
0.3082553791335762
0.3312527969484943
0.35507946812125024
0.3796618724557199
0.404924157845885
0.4307883743270624
0.4571747146003434
0.4840017602880695
0.5111867331604965
0.538645750558451
0.5662940842238472
0.5940464217394006
0.621817129770843
0.6495205182993641
0.6770711050289631
0.7043838791528425
0.7313745636649647
0.757959875407374
0.7840577820508727
0.809587755216111
0.8344710189540463
0.8586307928190622
0.8819925287847052
0.9044841412710165
0.9260362295736697
0.9465822920085898
0.9660589311112784
0.9844060492576786
1.001567034102967
1.017488933266076
1.0321226177209384
1.0454229333902882
1.0573488404742544
1.067863540083835
1.0769345877885061
1.0845339937276002
1.090638308976548
1.0952286979014896
1.098290996278997
1.0998157550015686
1.0997982692340431
1.0982385929309588
1.0951415386700722
1.0905166628025422
1.084378235965604
1.0767451990487196
1.0676411047490786
1.0570940448967807
1.0451365637739567
1.031805557695283
1.0171421611597562
1.0011916199250113
0.9840031513958364
0.9656297927576684
0.9461282373236742
0.9255586596003913
0.9039845296117028
0.8814724170540834
0.8580917858874119
0.8339147799951722
0.8090160005754079
0.7834722759493271
0.7573624244978368
0.7307670114574983
0.703768100326336
0.6764489996465752
0.6488940059456394
0.6211881436285902
0.5934169026246162
0.5656659745970808
0.5380209885310994
0.5105672465145159
0.48338946052756393
0.4565714910533748
0.43019608831589273
0.404344636943631
0.379096904847147
0.35453079708510127
0.3307221154783858
0.3077443247140514
0.2856683256607607
0.26456223659522393
0.24449118301467268
0.22551709668393355
0.2076985245371623
0.19109044802390251
0.175744113456895
0.16170687388512345
0.14902204298001373
0.1377287613856441
0.12786187594535572
0.11945183217742719
0.11252458033159095
0.10710149531626845
0.10319931074359673
0.10083006729575997
0.100001075571947
0.10071489353057671
0.10296931859639485
0.10675739445679774
0.1120674325264109
0.11888304801369243
0.1271832104782717
0.13694230872302307
0.14813022982064117
0.16071245203087334
0.17465015132169825
0.18990032116576927
0.20641590524247228
0.22414594263613385
0.24303572508234655
0.26302696577721263
0.28405797922862186
0.3060638715946087
0.32897674092148066
0.3527258866638505
0.37723802784007854
0.40243752914997355
0.4282466343570437
0.45458570621516037
0.48137347219931637
0.5085272752822421
0.5359633289830772
0.5635969759011161
0.5913429489368853
0.6191156343945192
0.646829336153611
0.6743985400953875
0.701738177967296
0.7287638898718208
0.7553922845695725
0.781541196793467
0.8071299407800084
0.8320795592353815
0.8563130669681257
0.8797556884366496
0.9023350884785832
0.9239815955100359
0.9446284165060479
0.9642118430988846
0.982671448158233
0.9999502722467264
1.0159949993754636
1.0307561215172132
1.0441880913696686
1.056249462897388
1.0669030192187599
1.0761158874433792
1.0838596401054947
1.0901103828805352
1.0948488283140592
1.098060355335625
1.0997350543739475
1.0998677579341276
1.0984580565426092
1.095510300010662
1.09103358401249
1.0850417220193829
1.07755320267651
1.0685911327538762
1.058183165847471
1.046361417050614
1.0331623638587883
1.0186267336137307
1.0027993778340882
0.9857291338204058
0.9674686739614812
0.9480743432070731
0.9276059852084586
0.9061267576633056
0.8837029374346438
0.8604037160452433
0.8363009861784634
0.8114691198443136
0.7859847388952425
0.7599264785997677
0.7333747450034338
0.7064114668258408
0.679119842659243
0.6515840842488229
0.6238891566467272
0.5961205160417042
0.5683638460732612
0.5407047934439921
0.5132287036458982
0.4860203576161044
0.4591637101346089
0.43274163077121763
0.4068356481810561
0.3815256985376271
0.35688987887966905
0.33300420613291515
0.30994238255027695
0.2877755682942694
0.26657216186335086
0.24639758903974912
0.22731410100995553
0.20938058228085488
0.1926523689841552
0.17718107812977812
0.16301444833507842
0.15019619252131663
0.13876586303194027
0.12875872958883752
0.12020567046317228
0.11313307719658265
0.10756277316675779
0.10351194624865423
0.10099309577914162
0.10001399398872546
0.1005776620193492
0.10268236060228074
0.10632159542484539
0.11148413716944491
0.11815405616303382
0.12631077153013054
0.13592911469770264
0.1469794070559724
0.15942755153550237
0.17323513781800515
0.1883595608562137
0.2047541523371303
0.22236832468298
0.2411477271455585
0.261034413512318
0.2819670209066989
0.30388095913102753
0.32670860996769846
0.35037953582371695
0.37482069707475507
0.39995667743812835
0.4257099166792271
0.45200094993339857
0.4787486529048042
0.5058704921856444
0.5332827799234018
0.5609009320502412
0.588639729277822
0.6164135800521369
0.6441367846570505
0.671723799651559
0.6990895018248621
0.7261494508547603
0.7528201498588969
0.779019303034923
0.8046660695945513
0.8296813132080088
0.853987846189139
0.8775106676677479
0.900177195014227
0.9219174878024081
0.9426644636195645
0.9623541050576385
0.9809256572470313
0.9983218153233981
1.0144889012490368
1.0293770294432283
1.0429402607104896
1.0551367439917436
1.065928845501038
1.0752832648493353
1.0831711377970543
1.0895681253183247
1.094454488702112
1.097815150458502
1.0996397408421934
1.099922629849654
1.098662944591207
1.095864571984441
1.0915361467606357
1.0856910248212122
1.0783472420264137
1.0695274585433892
1.0592588889253907
1.0475732181378392
1.034506503790375
1.020099064876554
1.0043953573645203
0.9874438370225074
0.9692968099024648
0.9500102709431442
0.9296437311906544
0.9082600341696392
0.8859251619716537