5.000138888760288	0.166666666666667
4.463517797666172	2.944444444444445
4.078436743161337	5.722222222222223
4.425171233056911	8.500000000000002
3.8022263446378832	11.27777777777778
3.2813470435160714	14.055555555555559
4.307430428076648	16.833333333333336
4.968186464292854	19.611111111111114
4.430981491976015	22.388888888888893
4.763081885552421	25.16666666666667
4.058388436807679	27.94444444444445
4.307233497328302	30.72222222222223
5.386546489684607	33.5
6.142258028490738	36.27777777777778
5.790315080359253	39.05555555555556
5.8094568681214955	41.833333333333336
5.754657574913224	44.611111111111114
6.139132145397223	47.38888888888889
6.20086217502349	50.16666666666667
6.638820552950054	52.94444444444445
7.644361508617608	55.72222222222223
6.948452430550848	58.50000000000001
6.038989830586517	61.277777777777786
6.162867000921473	64.05555555555557
5.877737293135187	66.83333333333334
6.732647592547096	69.61111111111113
8.990062795914456	72.3888888888889
10.663790382841274	75.16666666666669
12.29868781777125	77.94444444444446
13.547895015903258	80.72222222222224
15.849218278014993	83.50000000000001
15.080212898864819	86.2777777777778
15.106454321911874	89.05555555555557
15.36216510441299	91.83333333333334
14.391442590871904	94.61111111111113
17.437246315502506	97.3888888888889
21.688786967570472	100.16666666666669
17.914218155846843	102.94444444444446
20.495701919653524	105.72222222222224
20.37991201165205	108.50000000000001
25.167893491560154	111.2777777777778
23.79118866219075	114.05555555555557
28.07075520240996	116.83333333333336
31.629700159714545	119.61111111111113
35.62665637445038	122.38888888888891
34.28802926998773	125.16666666666669
39.684837789746275	127.94444444444447
38.68357364205308	130.72222222222223
39.59640218200235	133.5
39.39985034369509	136.27777777777777
36.67023704184361	139.05555555555557
37.407789252689966	141.83333333333334
40.22536944091301	144.61111111111111
48.84844441059355	147.38888888888889
56.39605728667509	150.16666666666669
50.823582484622875	152.94444444444446
53.52247854334417	155.72222222222223
58.26239373176514	158.5
59.280557059153075	161.2777777777778
50.46313278279215	164.05555555555557
50.334858923808966	166.83333333333334
52.86466523060834	169.61111111111111
58.64006881279777	172.3888888888889
54.071173899140106	175.16666666666669
61.285105051367566	177.94444444444446
65.3435845070614	180.72222222222223
55.38408067408084	183.5
52.379830222293535	186.2777777777778
63.08077727784723	189.05555555555557
52.66989691134617	191.83333333333334
46.35109735392558	194.61111111111111
41.421191183367355	197.3888888888889
41.77310533154739	200.16666666666669
42.75624683598102	202.94444444444446
40.12291959949874	205.72222222222223
43.95456632384335	208.50000000000003
37.39556402650571	211.2777777777778
40.357911914960084	214.05555555555557
45.04728191053607	216.83333333333334
40.79968573388912	219.61111111111114
41.47824961728605	222.3888888888889
47.10502269183544	225.16666666666669
52.41226398896994	227.94444444444446
45.6014530138431	230.72222222222223
41.5569401377574	233.50000000000003
44.467762171840455	236.2777777777778
41.63766182662776	239.05555555555557
29.671099709556668	241.83333333333334
27.901466082692252	244.61111111111114
28.30060758688576	247.3888888888889
28.23663651254302	250.16666666666669
32.19654698950475	252.94444444444446
31.319067956161973	255.72222222222226
31.487035949424694	258.50000000000006
28.69498288811441	261.2777777777778
28.796755094018955	264.0555555555556
29.62539870111319	266.83333333333337
34.36830758886917	269.61111111111114
31.374771482755314	272.3888888888889
35.568982118270604	275.16666666666674
38.06748466704405	277.9444444444445
38.747484967644695	280.7222222222223
36.32884649703439	283.50000000000006
27.61587245749118	286.2777777777778
29.90829599653613	289.0555555555556
30.474358306495137	291.83333333333337
36.54465319243708	294.61111111111114
34.27590288801021	297.38888888888897
35.64449902090983	300.16666666666674
31.447942553133714	302.9444444444445
28.635026791608563	305.7222222222223
31.796010828504716	308.50000000000006
26.042774212388537	311.2777777777778
25.422459139212112	314.0555555555556
26.677103486843126	316.83333333333337
28.44602820153635	319.61111111111114
23.638612672562456	322.38888888888897
19.533090839044963	325.16666666666674
18.262820241082593	327.9444444444445
18.465799611148405	330.7222222222223
19.26234476397568	333.50000000000006
14.58525490177084	336.2777777777778
13.094641175585892	339.0555555555556
14.191078090337102	341.83333333333337
12.641284132865602	344.6111111111112
11.930103775876034	347.38888888888897
10.187733108866144	350.16666666666674
9.360955792788852	352.9444444444445
10.127748333500426	355.7222222222223
8.639701213449683	358.50000000000006
11.136717135831006	361.2777777777778
11.409314338876134	364.0555555555556
12.779638326619281	366.83333333333337
12.618719509246853	369.6111111111112
13.070102715091691	372.38888888888897
15.582373805326803	375.16666666666674
18.24859091601325	377.9444444444445
18.875921802110533	380.7222222222223
20.395648943996072	383.50000000000006
13.727996277045934	386.2777777777778
12.963339926462261	389.0555555555556
13.253830172382518	391.8333333333334
13.42988700672139	394.6111111111112
14.896343764240878	397.38888888888897
17.907306090174863	400.16666666666674
19.01278160061139	402.9444444444445
17.441403148181298	405.7222222222223
16.75444237161432	408.50000000000006
19.325458258153127	411.2777777777778
13.657434456012616	414.0555555555556
13.640311522013747	416.8333333333334
13.44631665580845	419.6111111111112
14.83159057042815	422.38888888888897
16.240193840100037	425.16666666666674
19.36489617672015	427.9444444444445
19.455275663629806	430.7222222222223
19.44643139663946	433.50000000000006
18.885856004971586	436.2777777777778
21.066208249880738	439.05555555555566
18.839636689938867	441.8333333333334
20.59190868095837	444.6111111111112
17.246764566903934	447.38888888888897
20.9002991528422	450.16666666666674
22.353712230886448	452.9444444444445
24.50788547737811	455.7222222222223
22.547368481570157	458.50000000000006
26.539099803147405	461.2777777777778
30.608030613834423	464.05555555555566
26.503545932474072	466.8333333333334
27.535032096922563	469.6111111111112
26.304598522452242	472.38888888888897
29.34482907945499	475.16666666666674
32.144228027116355	477.9444444444445
35.5496154861648	480.7222222222223
41.100524309259754	483.50000000000006
27.027059989919845	486.2777777777779
24.03175411775928	489.05555555555566
24.540863315203907	491.8333333333334
22.134840414579223	494.6111111111112
23.942227621087035	497.38888888888897
22.23706938989608	500.16666666666674
23.978095620132116	502.9444444444445
25.671785127869235	505.7222222222223
30.34429718020565	508.50000000000006
27.501010869161927	511.2777777777779
32.40791580663742	514.0555555555555
33.681278230740745	516.8333333333334
30.58701446509457	519.6111111111111
29.143900869373237	522.3888888888889
31.185485354440658	525.1666666666667
34.17572198615541	527.9444444444445
32.844596788288385	530.7222222222223
34.3147250998159	533.5
34.81276219506724	536.2777777777778
31.86259680247046	539.0555555555555
26.50243408709405	541.8333333333334
29.605358977408038	544.6111111111111
31.0814041048192	547.3888888888889
34.24976208395595	550.1666666666667
37.11836886574449	552.9444444444445
48.79641327707349	555.7222222222223
39.81916738067853	558.5
42.99704796567093	561.2777777777778
35.3707141261402	564.0555555555555
36.08827706612133	566.8333333333334
32.223124701485695	569.6111111111112
33.559384736552005	572.3888888888889
28.74311333427251	575.1666666666667
26.834576863942875	577.9444444444445
22.555953256941283	580.7222222222223
23.67337557425785	583.5
19.867009690442476	586.2777777777778
18.113892868553588	589.0555555555555
16.90273570357858	591.8333333333334
14.27857962657411	594.6111111111112
16.96326050675779	597.3888888888889
17.24753042885853	600.1666666666667
18.504285204023635	602.9444444444445
18.2783043535349	605.7222222222223
19.803139159175178	608.5
19.799318169203808	611.2777777777778
16.588683483566562	614.0555555555555
14.463943314240405	616.8333333333334
14.125148920682248	619.6111111111112
12.656846810220229	622.3888888888889
13.414892126426201	625.1666666666667
11.83695675742116	627.9444444444445
11.933006026566922	630.7222222222223
11.786783997984486	633.5
11.910831403034214	636.2777777777778
10.682602093642062	639.0555555555555
11.099131133241212	641.8333333333334
10.889729617697734	644.6111111111112
10.359892084848498	647.3888888888889
9.884353558493798	650.1666666666667
11.04408427595241	652.9444444444445
11.765972677775974	655.7222222222223
13.724868436525488	658.5
11.737136574735217	661.2777777777778
13.543427572851437	664.0555555555557
12.44825841993819	666.8333333333334
14.80934759103975	669.6111111111112
14.18035774109721	672.3888888888889
15.218186328102494	675.1666666666667
18.314516791490178	677.9444444444445
18.57983034467837	680.7222222222223
22.576890820810487	683.5
19.63349733098819	686.2777777777778
19.54443068370871	689.0555555555557
16.305226450357175	691.8333333333334
16.586585976846674	694.6111111111112
17.960242755272752	697.3888888888889
17.661522178428697	700.1666666666667
19.32765906628486	702.9444444444445
19.044292027453672	705.7222222222223
19.947438143630908	708.5
21.215396546211114	711.2777777777778
21.881321864697465	714.0555555555557
23.999109717035815	716.8333333333334
28.410636314595813	719.6111111111112
27.645298343226017	722.3888888888889
24.83420048271518	725.1666666666667
21.991425670971076	727.9444444444445
20.645168996545912	730.7222222222223
24.935495131218335	733.5
24.22422011472273	736.2777777777778
26.708711889095923	739.0555555555557
27.724909541592133	741.8333333333334
30.685328875671892	744.6111111111112
29.437765766621848	747.3888888888889
28.121787924726476	750.1666666666667
34.30676032105974	752.9444444444445
35.39412942447715	755.7222222222223
36.19989270291145	758.5
38.70134751731352	761.2777777777778
44.57663661989882	764.0555555555557
45.68660827968997	766.8333333333334
53.076899676188695	769.6111111111112
57.931810334091765	772.3888888888889
52.937687640811355	775.1666666666667
59.6758336800707	777.9444444444445
45.92837261049958	780.7222222222223
49.02411281153598	783.5000000000001
50.08410649777302	786.2777777777778
50.86464001426302	789.0555555555557
53.1301234630499	791.8333333333334
45.63316265319201	794.6111111111112
44.1306974314626	797.3888888888889
44.429516715718805	800.1666666666667
44.98553604735574	802.9444444444445
47.13282563498075	805.7222222222223
48.27037459888402	808.5000000000001
50.51977123385753	811.2777777777778
40.31259555558814	814.0555555555557
38.58210326427595	816.8333333333334
38.797143991128195	819.6111111111112
41.26451144068079	822.3888888888889
49.54327735141714	825.1666666666667
52.05086619059118	827.9444444444445
52.218514772067124	830.7222222222223
41.44078784754075	833.5000000000001