0.07916868432799908
0.08557688100671884
0.10284918115398138
0.09337151876781338
0.10884038231406457
0.1173924842666741
0.10542171738708846
0.09521770554794363
0.1287977355409685
0.12341783984385492
0.11008803520041077
0.12269118058071665
0.10897557155361055
0.11579689024245135
0.09180231791664845
0.09886961409570459
0.0956258651532023
0.10316081136291627
0.08243069022230584
0.09942809082923607
0.11284271804986802
0.10260692492153192
0.0908358042402512
0.131816777791075
0.14300198850953738
0.14223609148616587
0.1395501781062109
0.13473298192270772
0.12307353140430523
0.1317895911407533
0.13364886398715783
0.13628854661511322
0.10228641211862184
0.1373974693046028
0.16285761281243577
0.16362477006754056
0.1394295806926928
0.15286802350920586
0.20936214459749197
0.24679515509897387
0.2695569438127037
0.5226630765438954
0.6325398390122138
0.5109747234564435
0.4769164743912274
0.4078353626948479
0.38286503328986776
0.37408815533164325
0.3519385699491131
0.3627571945117589
0.42180748285311975
0.3986300410601519
0.3740982994764096
0.407666109439187
0.3982271215553568
0.3442252618718115
0.33895943265834666
0.3063818649765323
0.3223328285457314
0.345227701790817
0.32595774514880815
0.30268805358216083
0.28728083832327145
0.3102359084142664
0.33596920656115226
0.37400418653945594
0.31246730610262347
0.3133485344238567
0.33830912149200576
0.31896869114896076
0.33068109867890577
0.26327030202744295
0.2627058271593838
0.3115229345982156
0.23454872321740497
0.2634910990650596
0.30985797565411294
0.32487765381907857
0.28798791026843945
0.39623047415124185
0.30466068330849383
0.3571899299593314
0.2802646119268985
0.37641295016251825
0.34693211635906396
0.367023891383235
0.3377073574206619
0.3874810246290816
0.37932204038262457
0.34262518029389155
0.3836675379735161
0.36153773885788426
0.401682903996756
0.3365050419498727
0.3257225772626346
0.4169255081318815
0.4025553403727558
0.3181620574324174
0.4122190884757276
0.3685531026264394
0.3284415709172173
0.3271642841556645
0.33027719869286365
0.33462153860251576
0.2715502060258172
0.3299009136866237
0.24861325546279628
0.2926186247477173
0.2477170138589928
0.24206042986035445
0.23534154566211327
0.2717046800189484
0.25071536096217856
0.22295358071673904
0.24461606110676737
0.20557717842168166
0.18686818347899511
0.22410388528113268
0.199988482006805
0.22942269654986144
0.1978806787530671
0.25322159403247824
0.24642740641414504
0.23423363127323454
0.22208105073619508
0.21436084858308593
0.21908027397570998
0.17925692446496175
0.1477705954250382
0.1755923549695789
0.16507290837189717
0.17112764022645682
0.18983456377681146
0.2407385407061144
0.19222965584397134
0.17929168623802855
0.157603567817957
0.18894542068087022
0.1953788171551744
0.20693660587117482
0.20149111778991283
0.22010541570648837
0.2661620389853665
0.2359014302898178
0.23664721686988927
0.2266054058909788
0.21909446337206626
0.2505049168047997
0.2603908704553963
0.23782493893145437
0.2568935833275003
0.23124000325691313
0.23608651203184108
0.16622990151895836
0.2066505441551337
0.21719319372640042
0.1954937769764826
0.2065183518584708
0.20526054967828672
0.20544367305923292
0.1986435284017478
0.1585850398866304
0.15675059945530018
0.16499871342460248
0.1512200124035785
0.1689040389248833
0.14037350973329438
0.19113100088411616
0.15515091744410742
0.14365606020069424
0.1264497333325791
0.15246463771112442
0.14656338160814855
0.1341538593099682
0.14483930801605294
0.14493473293424614
0.1235640136057121
0.14687463697143108
0.19354985433825372
0.1613925950845304
0.1785978915606222
0.17331363824137377
0.1731291201107201
0.1908216168825656
0.22695751555834
0.24026092180280548
0.2552414039721844
0.34962857341767645
0.3993578120751039
0.34146615020368004
0.3584707023299958
0.34431030042938615
0.3867818901609816
0.3616498082746153
0.3619728196538287
0.42551511229398425
0.3658246407860444
0.40144551859355243
0.4468264624586783
0.38027924383438183
0.3692515279068852
0.39486709924580576
0.377885013049325
0.4023624867799313
0.4083008221651768
0.40906960329669234
0.4181920769912893
0.41537674555144266
0.41786918348431457
0.5438378794112757
0.42396469890166855
0.451403248413494
0.45213766352257984
0.4709032140892422
0.5101514308381042
0.4321876517112529
0.4773800568856789
0.4636050899416951
0.58030171858167
0.5895072801473203
0.554175249166482
0.725860901355452
0.5346310029944854
0.6626416491918032
0.550907867835872
0.6825012209926732
0.6335320226115746
0.702330248156629
0.6142800152824178
0.5024478513481991
0.5419535895687771
0.757549342129186
0.7060030569304443
0.6814082252277044
0.7511039049456398
0.8125721255572548
0.8528096377259095
0.9556031958886742
0.9331654236763053
0.8747664171016982
0.8851066655977808
0.969983412183594
0.6987762003104138
0.8102483095879492
1.0822074070003793
0.8270101933421127
0.8838356748973828
0.7685254933660592
1.0245757310632486
0.776977936069397
0.8590219400545624
0.7901438436721288
0.877281158585862
1.0514863400214556
0.9866785296919386
1.0020091413755359
1.0381901320234088
0.8511789498780469
0.8964811880888947
0.7282309262650044
0.9944782077928142
0.8605874173747086
0.9076512410980012
0.8257046294352618
0.9198698222455428
0.9561460834042446
0.7876373561387419
1.0069238995520926
0.7848338001500624
0.8426470820169678
0.7915006446980616
0.9697326506981994
0.8100045289476688
0.6738372423469121
0.5469403170559376
0.7565853986736182
0.6049501851493387
0.502070925399036
0.5164420539430754
0.5897429003693125
0.5142613277996735
0.43151786109947016
0.5418887108778166
0.5308236072467001
0.5694199208620216
0.5945156770452397
0.7665172695563566
0.6886912218612985
0.7253058119481639
0.6628966023845757
0.5387943038083264
0.6133226378767166
0.5662231467152016
0.5736674257917382
0.6646312203263609
0.630620587456622
0.4261683682936952
0.4708169518459948
0.467435443166006
0.4436763149456686
0.40445764047674126
0.47395084362545
0.37145707093497643
0.4174576540545182
0.3692777438301857
0.33976762842761404
0.30804125179578756
0.38186575768446507
0.39856243521952966
0.27787000101600484
0.3206674860004665
0.30910790795950077
0.3203934152696678
0.2770217049367114
0.3127328355452698
0.2714026761669333
0.2621739624273145
0.24746297723747768
0.2341957308016393
0.24720067652412428
0.24717344775783934
0.2885241317486197
0.2643440035813065
0.3006053840105725
0.35827521940378065
0.35090647307733935
0.3095123872568975
0.3121428962533141
0.3829566100500982
0.36279413043881303
0.3264005025653798
0.43388796176106564
0.6301297810252812
1.057711701755439
1.080755400391365
1.2100890941687705
0.9082989444554315
0.691417970479528
0.8366527823724184
0.796286755128913
0.8339321768132493
0.7942313672598702
0.6188748657200271
0.6227726939824174
0.7318496264925329
0.7652845448512431
0.7572343337683617
0.8080097347476038
0.75268635595635
0.7540050067783934
0.7333237357738394
0.7683589196459053
0.7899796995549873
0.6834687036881358
0.803185001907618
0.594797604233663
0.7096022204245057
0.6515833466534418
0.6995400110620235
0.7387543086154597
0.5932452233451389
0.7542129134606281
0.5521209776049654
0.6324472257740971
0.7527180545408853
0.6718224121690013
0.9719550205073036
0.8286192566821173
0.9858000258284343
1.0589246109796815
1.0872460946858404
1.1756520880571801
1.236159082788705
1.1085094010889358
1.0894384980841496
1.3026723362407662
1.9027642016958004
1.6881048495714415
1.8870195457027026
1.4911346321770598
1.7812627216266042
1.784218645102089
2.2804931325572615
1.8345824191759605
2.003581442808191
1.6771178367318833
1.705067389251933
1.160939498744188
1.1530070414690685
1.4119478779537071
1.2680967907432508
1.8120376918819627
1.4217237722432614
1.3259788453928532
1.3693738876675712
1.444118889099442
1.880017454127655
1.735603810643022
1.7690828982555313
1.8458268652032583
1.9053355553146623
1.470434640666601
1.692758006366034
1.3244705429273937
1.3195686065387862
1.1120889202921733
1.2544647412118926
1.17978219190914
1.3895306354020576
1.1988977916739985
1.114429316241857
1.247100482959707
1.275136578089997
0.9927152850833814
0.9133436234593567
0.8552361943684094
0.9356410958552897
0.8041967859136169
0.9959612636431023
0.9576759682119773
0.9006541866742532
0.7384390292080918
0.9507689136080697
0.9715231090052106
0.9135798727014501
1.021541167637181
1.2300599357717705
1.0632549131568674
1.0971301037183687
1.003384880267618
1.0049058753126718
0.8966063435882046
0.8826453958336418
0.8831712354256248
0.853850596544455
0.9896157519070511
0.9409192303635429
0.8718020732080192
0.71308322186357
0.7545160637611333
0.6059487669756621
0.7213875132903107
0.7316241578354338
0.8523267126439039
0.8620097786291568
0.895939749549549
0.6196082265864836
0.6582860682188685
0.5903627941499501
0.6892482766427306
0.5959127997569582
0.7645483427861308
0.4935587622014981
0.5429677756170544
0.5164815049313192
0.5669501999706523
0.5460712594196401
0.5754028455936313
0.4512099773191701
0.4752141704711852
0.5619956061748446
0.6272565703345447
0.6023518765905171
0.4846383009116047
0.6286922520922497
0.6351916984830015
0.5421537023510055
0.5935898016277935
0.4630864940494738
0.5521461532778402
0.5687523393677515
0.6995777615839939
0.532523288746726
0.7410252831307386
0.9091009322775151
0.8756174324246424
0.846049255922886
1.12138896748904
0.826653884519291
0.8848975429527679
0.9310917425922264
0.8401322559684029
0.8373855278928306
0.7484919222791134
0.8115717736151068
0.8811057373416789
0.7023774788624604
0.9913860848177659
0.8602882677136449
0.8453321872244357
0.7082472045273908
0.8415960908929612
0.8404112532328273
0.9065986860398142
0.9503253639680435
1.0699809238587563
0.6595286322174049
0.8071063033615781
0.7234192842515048
0.8521848573680612
0.7109726444336487
0.6519085460057826
0.7089568760736009
0.735589789396289
0.6149079967905148
0.6564395758957822
0.6793054671478141
0.8547227594296212
0.9180116693403404
0.6709831133552177
0.7586810194298023
0.8270726995939991
0.6116098337133707
0.6382170738500035
0.6854635912922251
0.797724011419507
0.6921288881253959
0.7407057975789683
0.6865198532031237
0.8783526132646802
0.9496739043910281
1.0174529998986002
1.0604527964750703
1.0027641422981548
1.1080178839397354
1.2645087316493555
1.0772447259199793
1.006124537318929
1.0103542119966944
1.085083595178296
1.071393742217155
0.9888956899526854
1.0109352287739313
0.8514508157043041
0.6842085653266283
0.8812947365953139
0.8927094028021685
1.026869524029859
0.7995524696392895
0.7073159810659715
0.8127762149695966
0.8018593328212549
0.7658362662127144
0.8045693464530105
0.946208112356013
0.7807087676799939
0.7124317843268481
0.8324033325350257
0.7004232006308689
0.7551570423106624
0.8362436108351206
0.5222749773444884
0.5706539916781559
0.6580806744229272
0.6185993088867238
0.7407856767718799
0.5555465126311512
0.578928054076038
0.6674001668025676
0.5377083122148556
0.4619945737453074
0.6720233262731271
0.5232595020622147
0.6014430281000288
0.5804861254359142
0.5404930682028064
0.6007195132223688
0.4170515057159094
0.5901636390384045
0.5009120141372453
0.4622914348943397
0.5257622826290781
0.5650074157156256
0.5163635607238833
0.5817335949600203
0.5451214225164577
0.5038026767677632
0.4812531575118933
0.49851613730450506
0.6252941278920616
0.570855007716447
0.667422551009052
0.4693645687888884
0.5272524578529291
0.5281696164947092
0.5778498836885596
0.5110128234834701
0.5682150119084438
0.6564608840590108
0.5830655287109303
0.5727951805011919
0.6158359935477038
0.5224031369338847
0.6448196731882869
0.6389430914197266
0.5089096842803933
0.5651240012535207
0.593955290161429
0.5877950185241676
0.5924635740462413
0.6528834615065506