0.09991545458590875
0.09471896555111559
0.2983819932457145
0.26657307281688614
0.2746392040206173
0.23796912590387284
0.16036764940940862
0.08647862435166055
0.127162683370694
0.06966916925488688
0.22714207962322008
0.4118009533972259
0.8675763309197616
0.758379919193506
0.2974567361272123
0.5058742277334775
0.39238306612918483
1.2587130872805754
0.9071952374708607
1.8246268753292731
1.8581410681787536
1.064086260397167
0.6544613156464166
1.0605547108257842
1.5842111105191552
0.9851541113599519
1.532211553192021
1.2453639922933262
0.8668928381908642
0.5469103447222253
0.3142163054944727