0.10764329933352987
0.1258481480146782
0.08114347355871898
0.10084308384740026
0.08238938947234326
0.059889253143240284
0.09438408284083427
0.11739817154586259
0.10117493612170013
0.104744802991649
0.08340736445035175
0.08597338332827183
0.10149583410995451
0.13018128100255455
0.10221168986862715
0.1143200163306343
0.10984572831659033
0.13365637149667176
0.11657038045970954
0.1399252119330128
0.15585334788030716
0.1807532090244176
0.1149438910897971
0.1117251539189895
0.13368714353779823
0.1307567978849208
0.18634736351818856
0.23640356506097657
0.19335920292506797
0.3023248900319872
0.3267249022920483
0.2968380223074077
0.27968428841760884
0.29609367187098506
0.36634409034469073
0.3197023747652102
0.36297530763387714
0.33367881009078176
0.45144576316437907
0.3844222636284305
0.5549602319664665
0.46521814948028956
0.58393022631467
0.6114996629634485
0.8035191411612872
0.7205667205751607
0.9448714569180969
0.8750956893977077
0.8410469581084471
0.7735400434981098
0.8145955947030938
0.7610540413217302
0.7936806316481344
0.9636807797114192
1.055544613145418
0.9883479826684765
1.0012117742217463
1.0946194752805665
1.0313526681237806
1.086916073419379
0.9900234442100205
1.079497613801796
1.2237505037201717
1.201394689876184
1.1638005775434566
1.5031392577137548
0.9502981101563235
1.2425499335279369
1.4671356847579062
1.138502394167067
0.9929629301100412
0.901353617013938
0.736210835952711
0.731619716789823
0.7535989878404848
0.8814119994439935
0.6332734488033417
0.8433453804480624
0.6877560359182824
0.906789487015447
0.8924072244779987
1.0121960277815722
0.9707516573759408
0.8087955468339316
0.7640732369454154
0.8928534943787586
0.774885166815202
0.5346846365772435
0.47477926411724813
0.516634014273586
0.5774362583728085
0.5798070003562308
0.6510287415892574
0.6687177807520068
0.6997640914407995
0.6350586415849574
0.6201302738471204
0.8703521935998109
0.6152910407946178
0.8105018677072652
0.7327592377347363
0.7929535388977436
0.7723318672605072
0.5904673821305614
0.5693738857063728
0.5937075246864004
0.7923540880924301
0.6898336825220623
0.7588804536023127
0.7378402272723913
0.5468400659073884
0.632336234700358
0.501928052632118
0.4575531296511358
0.4962035617360213
0.5729002022997658
0.509349500025883
0.3917020626374524
0.36002211653138555
0.3431623056029553
0.3834380749185249
0.2776589793274928
0.2720995904372567
0.31044040122162386
0.27036969688902307
0.2295673625404804
0.25471023021630473
0.18868821504790648
0.1983807724668026
0.1902634166705401
0.18315878850405953
0.21517511417852397
0.2674621933635248
0.23739609264842346
0.244632239832104
0.3528392508167852
0.3762520173179802
0.44129373783330966
0.4155823455303799
0.3244361001632806
0.2421842764749807
0.26314236240159733
0.3084376808522265
0.2180600275792121
0.37410948235055086
0.35352127077273005
0.38034740959790597
0.4001216346758791
0.34774300264233904
0.27019897957435984
0.26491392815060555
0.3289146349508544
0.2868386556841613
0.3786994480036518
0.32223471808126974
0.3578666125782994
0.3654824171695164
0.39308626678377384
0.4260350618531725
0.2997348238084888
0.4242383399000589
0.38454552557042165
0.45372489898341734
0.44945091123915876
0.4937988079553966
0.43496280494163975
0.524217817849199
0.6591856496858685
0.5619786927743957
0.43387082000253446
0.4824171300531216
0.5491686319240808
0.7632537531692877
0.8095775410469584
0.8429587713001986
0.5259807617999247
0.4213749842987348
0.472724757600121
0.5487019999992333
0.43394651437433834
0.4379191557120799
0.5676783986181385
0.5833134308883416
0.5419204555024656
0.6244093648481313
0.6034981206250485
0.6342091295121083
0.627466295394465
0.5862093289187698
0.601506461717907
0.6832099340754656
0.66871078395114
0.6942260833130284
0.7108669974240053
0.5622324711969733
0.6297736021504129
0.7463535946824421
0.48804282291137663
0.6072943359388884
0.7928425735954019
0.9323672379730674
0.6682634482390122
0.9513107005031511
0.7378086436855282
0.6501050381871609
0.7434882347233426
0.6160504188986188
0.574375820095998
0.5779403695636224
0.4624646143812246
0.4562172579717856
0.4093686652925921
0.37820040280492034
0.31325393717007394
0.33637175879985787
0.3267240810944938
0.39018147761529565
0.4010322420339625
0.4436226065434306
0.38367334517844576
0.3381926815824676
0.37534369235682397
0.3051547386052904
0.2801430061274697
0.26217576897002337
0.2593508997878955
0.21655708570772705
0.24312784839217919
0.24176851117040843
0.2942245823703968
0.215384764815564
0.24939209353848601
0.18444002708538737
0.18017007077021485
0.20807662773892324
0.24783221000182332
0.21103668852379845
0.28708681219092735
0.19678561355105298
0.2738265605298267
0.26484906677613307
0.34150111470460226
0.31927220755731084
0.36700690952340004
0.40270259756899573
0.3539722845052292
0.46886401998675226
0.37112050860474155
0.4175046999434175
0.3230089926499094
0.29602964103515644
0.3517398696540664
0.3642349370019424
0.4372655371193875
0.3840574522567185
0.3757947152372884
0.4063481774076615
0.454295075761888
0.45097734908541126
0.7071095085588707
0.5734416346434611
0.4146182123007661
0.45909800945753737
0.47093192679881996
0.4865018911165274
0.5231352020436582
0.5517680630928206
0.5503874105798422
0.6184724674119076
0.6353368404742566
0.48350616595746404
0.7421533676250751
0.720380423286729
0.6242225547033832
0.8844377633603628
0.9730960878504573
1.153766339672953
0.7706767275761593
1.2012706890167888
0.9520300649399878
1.377364687703103
0.8941157414885114
1.1422547913493686
1.0254357964317697
0.9376851561475849
1.135420234070053
0.8899669801430884
0.8645527279489245
0.8893944225243974
0.9183176075922475
0.7975447023026144
0.8477730540790832
0.928661722888263
0.8854561789740936
0.7379987154334712
0.797388939934681
0.741744963813746
0.8353832504136406
1.0280551529226352
0.9415443830660062
0.8844764970171771