System_realization
5.000138888760288
5.295081371102908
4.787057379332833
4.867125473604577
5.485639412457774
5.893294256405931
6.266789818967765
6.9561761364693595
6.412517357775945
6.717050835746501
7.184185957063814
7.4256919596545785
7.15547885411821
7.361135795435111
7.850798612189294
7.809745069144357
7.269617716278161
7.634314487527462
6.940469440397862
7.052658691727851
6.993811688978922
6.416781802534129
6.719991644461171
6.658153371442118
6.599127593935548
6.50797889639514
6.346874244581441
6.21428025053922
5.504277796432479
5.697913541364359
5.244138522898948
5.411669726301245
5.356337220622318
5.309060391567077
6.0007216122085865
6.093773559853338
6.2949620054312385
6.706496019236923
7.069901769629373
7.081406444942269
7.087157116476949
7.589402715180692
8.357154187149364
8.756254502806055
8.742999082814189
8.525150224688131
7.844486777891199
7.358583451374508
8.028154705680167
9.06743179160781
9.070454726260294
10.130022359190225
9.0849943714347
9.32787175470406
10.4862532190651
10.283819770472029
10.180361537130683
10.471878248863943
9.558171308573595
9.850694703198876
10.804770220413275
10.737721153049481
10.56341007517959
10.95304872295881
11.160280836846768
13.564339788649368
12.843593921124048
13.469812384602543
12.721486830293166
11.873440996736777
11.387098561102764
12.340302027943
13.065241901609694
13.09464156674332
13.430482314252359
14.160250139689584
14.430088742116476
13.500328608925289
12.468647905224726
12.670726232231814
13.650670620003027
15.479892353265168
17.004344198109013
18.600238724927753
19.8544202631735
21.02974924485439
20.41686808350604
22.320514522756227
22.741560102512004
22.462381235072822
21.92631583008542
21.44962766728797
21.499579040795144
22.154580499708313
21.20298237283826
21.782133203397763
23.044111521472246
22.062361340110932
21.853857741361782
23.51752199401763
25.634018912125995
25.650740130244152
24.63499450752076
26.18466374265191
26.69930115966983
25.602390542592204
26.387027359564854
26.421522718822338
25.79042460644792
27.717851358657065
27.56027931549097
28.732824265771857
29.413306707886928
32.156939282957744
32.27949521801123
31.83477202929432
29.832323757940436
32.276983110199915
32.95833148904564
31.92901958308784
30.91303346739962
30.530545922532408
29.328537028806974
30.550937761296108
29.0240234331134
27.923735914149958
30.114343318629892
28.530192510634176
28.65227608696015
30.191865539845267
32.929588707654915
36.48899131074552
38.648041593543304
35.84247849365788
35.703170997699665
36.468816923435035
38.68433257086463
34.851942216661165
36.441518941107354
37.02477893416977
34.8431216267514
35.86682223987456
36.01363473580399
34.73293298155321
37.19414531491328
38.283036886761
38.847271819696495
40.68306537453601
42.193672130400245
44.5481763574443
43.51557080810871
42.739651756714345
41.22071565321397
43.503104222919745
41.13024201926993
47.077474719709066
40.99670750793716
40.772176441862484
45.320495888756085
44.6110765105438
43.43435816551789
42.070859447964416
43.50942484772719
36.389641035863235
38.524914016590486
39.00205698416599
37.01012905825767
36.8111912761562
41.60444493371386
45.798254216877424
47.30753854054189
53.335352951241894
53.691183617845205
57.126380655977705
57.68616976772208
59.53118304923712
53.281573901755515
51.551512992970714
56.62816037962749
58.41590090813882
62.45427403662907
52.546897089950214
55.394828556507946
57.68694834441778
57.71661499318039
58.258325158039774
62.66633409144695
63.26431703725418
61.02010546543573
64.28122639771576
61.5035503880894
59.39507386769203
68.00854148743122
70.44787487832687
75.44415839905253
76.37204510257493
77.96154033477141
74.34059279139268
66.85216919239826
63.8416118563
61.796874461369235
65.67534027384907
68.62707843086855
69.04186720082384
67.68589202375615
67.70482400379322
67.76810213006974
66.3979737791698
64.70480398618255
60.03002141189428
55.91380436486233
61.12535925574572
59.78681868493096
63.287415879927714
62.58150977666985
61.9022188762098
67.2460207996409
67.53185871987732
73.7661956240385
74.31873661409809
67.49261772396511
62.63023162960807
64.51890259613867
65.47923292393955
67.94569474375426
67.20902604973179
70.10308515578586
63.93684984708275
62.90869073785371
54.58374195060699
56.32162267090114
56.09774128354552
53.685942650097836
50.34649201088247
42.13573065938703
40.66106796158441
39.912054729134624
39.94559843151541
45.24595370837093
43.5574115391002
41.07082608255104
43.82562823500458
45.78251510232457
50.76294921457945
47.33347461072937
45.490052512351426
39.87958082078358
42.44488716279747
43.71444787064741
42.79615805382646
42.02675846656399
40.29854429277111
43.36923373435998
43.14886614662632
43.97325450487493
39.66475584679422
39.70723940187723
39.80442726861689
41.50591670727349
45.83545669140557
45.402311279872535
46.02377958798509
43.684165978948805
48.841817432778456
46.242396439049166
46.56324711606819
46.848540791434715
49.739859176426776
53.87092339291072
49.13906482741328
47.92192265055313
48.367366675668016
45.14649823627238
43.741444540039744
45.116187255811056
43.79775791264909
41.583577102493486
39.709347193781184
40.392126418698034
34.19633366693943
30.218567401301605
28.31146491186081
25.36068629022764
24.971576433161264
24.0929671584745
24.89991765050479
25.704594857556856
26.017776616170792
26.44968079055931
25.101137462991897
22.878890750053017
21.277364573309534
21.7305268150799
21.270504794582152
21.735217278039258
20.59244227404974
16.166566826276668
15.33631801881821
14.045056338745857
14.944542829356536
15.091864548465209
15.64829313960154
15.764435441707306
15.567286918646356
14.009155435683127
14.45557869428899
13.609030986861745
13.297248269656519
12.564698399819235
12.977374912404844
13.673882572291369
13.1555038921535
13.526034184997297
13.079273840965532
12.413105484660145
11.501358735313143
10.131218968778482
9.716572450487613
9.29326144702527
7.947590921870014
7.3122505807070315
7.1774793751948165
6.600458752827499
6.355456955847776
6.046368035745783
5.952583285064817
5.78258030165699
6.052853623271176
5.967652539505266
6.312305627073924
6.718345230774845
6.77038512764046
6.204892984997607
6.398385649042802
6.202034627749653
5.7892253186296
5.667337060537078
5.973796611015853
5.684403018865954
6.366424165507516
6.61162267489235
6.213425875501052
6.631180122107511
6.9600246684138245
6.97249533485475
6.237503976165694
7.139601792236827
6.806791961640713
7.020794520113661
6.878593398008187
7.583013557083416
7.407581367853561
8.241626786674722
8.347708649966954
8.367296298555292
8.06053713731682
7.800357740797531
8.899750584169217
9.40208478172039
10.143324056858585
10.741792257671548
9.690127549408654
9.348018696666994
9.655078502881397
9.070653976781882
9.106628373172322
8.661917699703162
8.866206558886091
9.420214747807629
10.131389854845853
10.229610328801233
11.385417501404339
12.242484651475154
12.890396711216463
14.029004906885929
13.442839785824077
14.461981505071092
14.779583165689527
15.401116404651662
14.405620554643892
14.42773043189663
13.2200495648929
13.178988309610352
14.449595128306427
15.28191273767846
16.34899471731829
16.338390919283786
15.727361766207457
15.339396940629493
16.96717154319733
17.333635667244227
16.86863428203169
15.62214425053935
17.15442248497674
17.016504414297394
16.52402727150893
17.021647226571233
16.690140350189548
17.366069036234762
18.9695767274702
18.49618924741348
17.85688284236013
19.660539032024786
20.772028135712844
21.29056743110508
21.493105496580643
22.73891948977972
24.025180711197212
24.905443508920886
26.078061160858898
26.138505731805548
25.775329026990313
25.849706532970057
27.605789656014256
29.88118887376629
31.959696740927562
28.500640372998035
30.393595141784687
32.0409286850137
35.009414556161715
33.76735470336845
34.853122366090346
34.42773568037033
35.01350657750384
32.09269484541327
34.279291707016306
34.03110114862915
36.72884291375381
37.668776274965424
37.25316194904238
35.91295884560425
35.76101228601716
33.110366788503576
33.534992583084374
34.4519738132044
36.18037962279144
38.37740786609524
41.03633212632791
41.22407962399931
44.671257516918814
38.932806528349666
42.42800204124991
43.68325002799954
43.43821287161311
42.88374976380952
46.87050748632167
45.565418188169225
49.66494700404904
43.526148160243196
42.73507408160106
39.007348312017704
39.7316599419057
37.95074946715325
42.1501124907351
43.104226315680904
43.42821950377466
39.58897608214452
38.529892619659115
38.08993279979369
38.70654035045383
42.60861217691563
40.31207004019041
40.937351528465825
42.69593891008945
44.43604529932454
43.291337377619975
42.57567176516339
44.80682721402523
39.105376399378656
39.78054204961514
40.535094982950696
40.25616234704762
37.68637452310411
36.26512251920533
35.90750355844753
37.94676943421979
35.850393540311806
35.62506688887225
39.21586615034495
35.26170319219759
37.160410842982145
34.24396994999606
33.00676054661092
30.87963358766511
34.63876021838345
34.939989350003216
38.669512541371546
34.158747296906014
34.26046283633456
32.00707357330677
32.052627855870746
29.2545877851231
27.41007831022216
28.216788495407265
27.952028597560947
28.41597705693353
27.930200366428487
27.668146882253925
27.080619517115146
27.910172716125594
27.38600146086589
31.656533913285802
31.651242932507085
31.68195677260013
28.79088216636136
27.025600869445874
28.564743528545062
27.52547492948499
28.36526004280865
27.74969777090438
31.388049924581704
33.94042929195151
35.84153942617762
35.669398129035024
34.859560933223364
34.16536290647142
34.555853485273474
33.4468776964864
35.75824037571829
37.139187606354696
38.74195986511026
35.839822121882584
32.08121097420002
35.16843564200957
35.556439940275745
36.58214629847331
34.38430520469995
34.42266943832599
30.67465145196039
27.54175338238894
26.866089135659294
28.466011869060015
28.534956971933628
26.932959679657696
27.871828545961677
28.85154651055761
28.119565809810478
28.375745470961416
29.438235782563968
33.27717616575345
29.37566492366883
26.132457777631803
23.398463446431638
24.348078588309164
25.000069862018123
27.263848562540637
25.181433066684438
24.53530517572992
24.063349802594697
22.754093169234306
25.434120516325812
26.699378286115532
25.0824457910148
26.48945332504929
24.781256617958775
22.333903023306036
21.973731904142568
20.746317260329743
20.71302055186005
18.854785185592164
17.43141080677485
15.31205036204741
15.513339116745385
16.58866206344291
16.044731263939294
16.3852073441994
15.2561771853749
14.943643610728836
15.089467320577201
14.6069383276267
13.625799795816164
13.586284423993469
13.460443791057326
14.530996717909632
12.446223838207356
13.250677207562761
13.888682498643771
13.564758488999445
13.061515701597415
12.712307115670013
14.621080872314861
13.484515321444034
12.159539586487554
12.69911348031109
12.648474477371357
13.206259302554432
11.857320782749602
12.479654360992404
12.747153891096401
12.949919463489469
13.79529721213373
13.442897828183074
13.610911410328917
12.661406282421451
12.452787391856361
12.099096976181045
11.2741255225897
11.88731912098315
11.949631542781308
11.949614266761778
12.640642072931268
13.283673347163893
13.431649928532792
12.805902603233093
12.392288004902124
13.605377017360144
11.753146376293062
12.532056063768353
13.67416266326568
13.71127859220014
12.723240018954241
12.020697656266686
11.075544860172064
10.175487970308556
10.15754354137426
9.456965449106614
9.806152442260315
9.750232600336691
10.054196866574195
10.601950333199753
10.380573771739915
10.317979564896117
10.41845452422409
11.430272922563347
12.323774127720435
11.656268842350524
10.642792842674636
10.716437700338396
10.575396117121729
10.420303721864279
10.610375082719923
11.380555429195816
9.90146159628708
9.61470901670808
9.754832605250163
10.290279407031642
10.081646704173702
10.32837865609767
11.470585468155711
10.384681407541011
10.09728950643101
10.227497146512816
10.694424417639981
10.422002866072438
10.143861679693371
10.411317079187572
11.146862769815037
10.892316988638607
10.347504951944352
10.449022124873094
11.884996755414898
10.719600711199439
9.518324483743253
9.431344988444362
9.542604355002922
9.46592395932292
10.271607286495584
9.85303471369302
10.004512135227232
10.169918244639522
11.176837279591147
11.26634314767924
11.658643489638504
11.427772132026266
12.25407332539287
11.370830048315561
12.711918753248094
12.701523347584878
13.613816455210143
13.421726659255318
13.425113831878374
14.251927822965039
13.922058211970226
13.363199271465838
13.430148176674269
13.1138560521679
12.371563798837727
12.635481755762777
13.516922573471092
12.843228050219262
12.919426007176023
14.430051824863803
14.078000890977805
15.831519562530492
15.534286255597998
14.847705212131515
13.548517692120175
13.489677028539633
13.671268438863965
14.028844198705391
13.342643469044358
13.84782429091152
14.369481495090294
16.561842892601952
18.967386181175943
19.013091695406164
19.051675906470358
18.561259738530385
18.917021227397072
17.148049674283126
16.484695845109098
15.707722122486858
15.052076795083368
15.830353334579614
16.351439301538957
16.341819013628754
18.26121905010205
16.248798771349833
16.18935908687982
15.387128709480368
15.003044516214526
16.369476790512344
17.18147103651226
17.765048342520938
19.377928241530494
19.244726757072105
18.412443786382653
18.80685879440941
19.291502914779503
20.513495342981507
22.770285269530547
23.96303683805376
24.32053980585555
26.811045984746052
26.466370100679825
26.38937303517278
23.898777620236835
23.456756871564846
24.75212327256942
26.45623271826395
25.508232808861223
30.222781288228614
31.03625485793987
31.28110807577294
29.034624416081726
32.95518663306424
34.634286736488264
37.04842018203809
38.1634790188936
39.23659377450689
34.93801456784366
35.68643314738121
35.33573697653528
32.97601534971891
30.24954416787436
29.574439799939764
30.886258624339497
29.561124571838025
29.72669756946814
34.37085890027039
41.703985540503666
39.142328857299894
38.21901704460284
40.87064989952428
44.228275493816916
46.71590088700751
47.47499792387874
47.35540909488205
43.728638614169235
45.657399577776545
40.06996386887497
37.284912379345464
38.02870511907597
38.15833533072678
37.27068086607979
39.81104234274808
43.00534514221645
43.681300081147256
44.26773882953748
46.863436234043824
48.8526061915411
51.3511935277887
46.34474647659673
48.07186352278654
48.8861177726724
47.55424582562936
46.77968800314409
46.24504638149716
48.215356637926725
51.74672621269704
54.96159255149884
54.073304742851896
55.87744608997263
56.8268021233414
53.79484363758872
54.05926778030573
51.83410682111833
49.833820087756926
46.468150147037775
47.01892837516329
40.99601195538071
37.45931360286271
35.8410035968542
36.50343131536164
36.25274864339085
36.546490114363536
39.16804050657571
42.64280312732414
40.252126440009434
39.48997518657531
36.222956743509
Rain_input
.10000277777520576
.10014599983857352
.1005061645760788
.10108311567187489
.10187660272221684
.10288628134413974
.1041117133249251
.10555236681229044
.10720761654521965
.10907674412533379
.11115893832868463
.11345329545783575
.11595881973407801
.11867442372960967
.12159892883949305
.12473106579318344
.12806947520540782
.13161270816615436
.13535922686951707
.139307405281122
.14345552984384588
.1478018002215205
.15234433008030054
.157081147907355
.16201019786652776
.16712934069059537
.1724363546097346
.17792893631579768
.18360470196197554
.18946118819741642
.19549585323634988
.20170607796125217
.20808916705957542
.21464235019354516
.22136278320252123
.22824754933739705
.23529366052650458
.2424980586724729
.24985761697948017
.25736914131031996
.2650293715726962
.27283498313414184
.2807825882649503
.28886873760849013
.29708992167826864
.30544257238109
.31392306456565233
.3225277175959059
.3312527969484942
.3400945158335824
.3490490368383693
.35811247359257103
.3672808924551535
.3765503142215786
.3859167158508282
.3953760322114521
.404924157845885
.4145569487522627
.42427022418297156
.4340597684591414
.44392133280030166
.45385063716840446
.46384337212541105
.47389520070364133
.4840017602880695
.4941586645097521
.5043615051495653
.5146058540514243
.5248872650441573
.5352012758711975
.5455434101272563
.5559091792011371
.5662940842238471
.5766936180211599
.5871032670697846
.5975185134562893
.6079348368379295
.6183477164045317
.6287526328405804
.6391450702866542
.6495205182993643
.659874473808941
.6702024430736214
.6804999436299861
.6907625062384035
.7009856768227328
.7111650184034479
.7212961130233404
.7313745636649647
.7413959961589979
.751356061082682
.7612504356475265
.771074825575449
.7808249669625458
.7904966281296761
.8000856114590632
.8095877552161107
.8189989353556449
.8283150673118018
.8375321077707762
.8466460564256708
.8556529577126755
.8645489025278313
.8733300299236287
.881992528784705
.8905326394819143
.8989466555040518
.9072309250665264
.9153818526962761
.9233959007922495
.9312695911607657
.9389995065250933
.9465822920085897
.954014656590757
.9612933745355865
.968415286791566
.9753773023627456
.9821763996502683
.9888096277637815
.995274107802156
1.0015670341029665
1.0076856754601826
1.0136273763095434
1.019389557881107
1.0249697193184661
1.0303654387641499
1.0355743744107415
1.0405942655172469
1.0454229333902882
1.0500582823296796
1.0544983005379878
1.0587410609936765
1.0627847222874571
1.0666275294214815
1.0702678145710343
1.0737039978083869
1.0769345877885061
1.0799581823963165
1.0827734693552342
1.0853792267967113
1.0877743237905415
1.0899577208356972
1.0919284703114869
1.0936857168888316
1.0952286979014896
1.096556743677063
1.097669277827643
1.0985658174999686
1.099245973584993
1.0997094508867586
1.0999560482505182
1.0999856586500365
1.0997982692340431
1.0993939613318076
1.0987729104178439
1.0979353860357504
1.0968817516812261
1.0956124646443086
1.0941280758109042
1.0924292294236977
1.0905166628025422
1.0883912060244552
1.0860537815633526
1.083505403889686
1.0807471790301495
1.0777803040876501
1.074606066721752
1.071225844589816
1.0676411047490786
1.0638534030199336
1.0598643833106856
1.055675776904074
1.0512894017058771
1.046707161455916
1.0419310449018118
1.0369631249358418
1.0318055576952831
1.026460581626619
1.0209305165140297
1.0152177624725747
1.0093247989065162
1.0032541834332265
.997008550773153
.9905906116063143
.9840031513958364
.977249029179024
.970331176326507
.963252595269989
.9560163581991551
.9486256057283055
.9410835455332899
.9333934509593391
.9255586596003916
.9175825718505387
.9094686494282126
.901220413873758
.8928414450210413
.8843353794437597
.8757059088771243
.8669567786156015
.8580917858874123
.8491147782064864
.840029651702596
.8308403494303904
.8215508596580577
.8121652141363744
.8026874863488713
.7931217897438967
.7834722759493271
.773743132970713
.7639385833736301
.7540628824510415
.7441203163764407
.7341152003436083
.72405187669376
.7139347130309227
.703768100326336
.6935564510127251
.6833041970692431
.6730157880979478
.6626956893926111
.6523483800007356
.6419783507795888
.6315901024471201
.6211881436285902
.6107769888997814
.600361156827607
.5899451680090066
.5795335431089494
.5691308008984111
.5587414562931718
.548370018394291
.5380209885310998
.5276988583075712
.517408107652911
.5071532028772111
.4969385947330208
.4867687164836635
.4766479819791474
.4665807837405035
.45657149105337524
.4466244480716973
.43674397193228165
.42693435088112475
.41719984241226027
.4075446714199531
.397973028365045
.38848906745624323
.3790969048471473
.3698006168497817
.36060423816543485
.35151176013354335
.34252712899940796
.3336542442014729
.3248969566789204
.3162590672003214
.3077443247140514
.2993564247212065
.291099007671705
.28297565738429364
.2749898994911242
.2671451999075878
.25944496332806566
.2518925317482483
.244491183014673
.23724412940209566
.23015451621932687
.22322542044412677
.21645984938776358
.20986073938980215
.2034309545436955
.19717328545373752
.19109044802390251
.1851850822791149
.17945975121944246
.1739169397077245
.16855905339111282
.1633884176569908
.15840727662372583
.1536177921666967
.14902204298001412
.14462202367433924
.14041964391120199
.13641672757418277
.13261501197732556
.1290161471111231
.1256216949264003
.12243312865640898
.11945183217742732
.11667909940814043
.11411613374806341
.11176404755525272
.10962386166352847
.10769650493942054
.10598281387902875
.10448353224497407
.10319931074359683
.10213070674254128
.10127818402885244
.1006421126076861
.10022276854172266
.10002033383135227
.10003489633568455
.10026644973441673
.10071489353057671
.10138003309413976
.10226157974650087
.10335915088576386
.10467227015279625
.10620036763797393
.1079427801285295
.10989875139639438
.1120674325264108
.11444788228477115
.1170390675275257
.11983986364897825
.12284905506977944
.1260653357645023
.12948730982847434
.13311349208361484
.1369423087230229
.14097209799402516
.14520111091940055
.14962751205645333
.15424938029362154
.15906470968425884
.16407141031724293
.1692673092240195
.1746501513216978
.18021760039178547
.1859672400941324
.19189657501565496
.19800303175337142
.20428396003129481
.2107366338506807
.21735825267314568
.22414594263613358
.23109675780020686
.238207681427622
.24547562729162656
.2528974410159213
.2604699014436961
.26818972203565394
.2760535522964044
.28405797922862114
.2921995288143263
.30047466752265106
.3088798038434369
.3174112898459876
.326065422762321
.33483844659421336
.3437265537433459
.35272588666384974
.3618325395365295
.3710425599640338
.38035195068624106
.3897566713151256
.39925264008832717
.40883573564069087
.41850179879298666
.4282466343570428
.4380660129565106
.4479556728624635
.4579113218430384
.46792863902631565
.4780032767756338
.4881308625765106
.4983070009343705
.5085272752822413
.5187872498975995
.5290824718275255
.5394084728213371
.5497607712698702
.5601348741505441
.5705262789773948
.580930475755202
.5913429489368839
.6017591793833024
.6121746463246178
.6225848293223635
.6329852102313646
.6433712751606766
.6537385164326573
.664082434539364
.6743985400953856
.6846823557862973
.6949294183118637
.7051352803231673
.7152955123528113
.725405704737364
.7354614695312022
.7454584424109351
.7553922845695719
.7652586845996199
.7750533603642819
.784772060855962
.7944105680412439
.8039646986915845
.8134303061988666
.8228032823750933
.83207955923538
.8412551107635164
.8503259546593007
.8592881540669113
.868137819283542
.8768711094475894
.8854842342056277
.8939734553574684
.9023350884785818
.9105655045191912
.9186611313793129
.9266184554590978
.9344340231837707
.9421044425025331
.9496263843607428
.9569965841447725
.964211843098884
.971269029713535
.9781650810844855
.9848970042421399
.9914618774505264
.9978568514753718
1.0040791508207014
1.0101260749334353
1.0159949993754627
1.0216833769626825
1.0271887388705079
1.0325086957053673
1.0376409385417324
1.0425832399242152
1.0473334548343145
1.051889521621379
1.0562494628973877
1.0604113863951588
1.0643734857896205
1.0681340414817744
1.0716914213450246
1.0750440814335376
1.0781905666523368
1.0811295113888277
1.0838596401054945
1.0863797678934943
1.088688800986925
1.0907857372375316
1.0926696665496514
1.0943397712752052
1.095795326568568
1.0970357007011604
1.098060355335625
1.0988688457594729
1.099460821078094
1.0998360243670495
1.099994292783579
1.0999355576372785
1.0996598444199106
1.0991672727943425
1.0984580565426094
1.0975325034731318
1.0963910152871226
1.0950340874042426
1.0934623087475848
1.0916763614880722
1.0896770207483897
1.0874651542665696
1.0850417220193833
1.0824077758057
1.0795644587899942
1.076513005006197
1.0732547388221112
1.0697910743646186
1.0661235149059343
1.0622536522111672
1.0581831658474716
1.0539138224551001
1.049447474980658
1.0447860618729006
1.0399316062414246
1.034886214978615
1.0296520778452254
1.0242314665199996
1.0186267336137316
1.012840311648205
1.006874712000451
1.0007325238127815
.9944164128690626
.9879291204377415
.981273462082097
.974452326438256
.9674686739614818
.9603255356413116
.9530260116860613
.9455732701773052
.9379705456948839
.9302211379130605
.922328410168422
.9142957880001544
.9061267576633056
.8978248646157245
.8893937119792764
.8808369589760495
.8721583193402129
.8633615597062022
.8544504979739587
.8454290016519199
.8363009861784648
.8270704132225706
.8177412889644062
.808317662356587
.7988036233669003
.7892033012031918
.7795208625212491
.7697605096164192
.7599264785997677
.7500230375595461
.7400544847087952
.730025146519869
.719939375846696
.7098015500355765
.699616069025376
.6893873534378891
.6791198426592437
.6688179929131416
.6584862753268179
.6481291739905062
.6377511840113
.6273568095622116
.6169505619273102
.6065369575437773
.5961205160417059
.5857057582825338
.5752972043969382
.5648993718230358
.5545167733457642
.5441539151382843
.5338152948062346
.5235053994357303
.5132287036458982
.5029896676468508
.49279273530389944
.4826423322088518
.4725428637592658
.4624987132464501
.4525142399530526
.4425937772610946
.43274163077121763
.4229620764340122
.4132593586941927
.40363768864846217
.39410124221785026
.38465415833530314
.3753005371493421
.36604443824455335
.3568898788796706
.3478408322440407
.33890122573321607
.3300749392444067
.321365803492571
.31277759834782504
.30431405119494503
.29597883531563424
.2877755682942701
.27970781044782916
.27177906328067747
.2639927679648599
.25635230384659946
.24886098697961645
.24152206868592618
.2343387341447186
.22731410100995614
.22045121805727458
.213753063860779
.20722254550029862
.20086249729969125
.194675679596702
.18866477754494765
.18283239994853034
.17718107812977907
.17171326483062832
.16643133314810105
.16133757550435057
.1564342026517243
.1517233427132734
.147207040259114
.1428872554190693
.13876586303194027
.13484465183180794
.13112532367169943
.1276094927849658
.12429868508468121
.12119433750138081
.11829779735941527
.11561032179219635
.11313307719658286
.11086713872665403
.10881348982707745
.10697302180628354
.10534653344962476
.10393473067269576
.10273822621495551
.10175753937379242
.10099309577914173
.10044522720875765
.10011417144421797
.10000007216772346
.10010297889973839
.100422846977498
.1009595375743926
.10171281776022029
.10268236060228074
.10386774530726912
.10526845740390386
.10688388896621548
.108713338877392
.11075601313407217
.11301102519095459
.11547739634556671
.11815405616303358
.12103984294066239
.12413350421213162
.1274336972910799
.13093898985384456
.13464786056111122
.1385586997181917
.14266980997364886
.14697940705597165
.15148562054796866
.15618649469854928
.16107998927154796
.1661639804312091
.17143626166395484
.17689454473604455
.18253646068668838
.1883595608562137
.1943613179488054
.2005391271293846
.20689030715414147
.2134121015342279
.22010167973209815
.226956138390008
.2339725025901004
.2411477271455585
.24847869792224841
.25596223319029865
.26359508500500495
.2713739406164775
.27929542390741235
.2873560968583764
.29555246103993515
.30388095913102603
.31233797646287353
.3209198425877947
.32962283287222693
.33844317011325886
.34737702617797833
.3564205236649367
.36556973758698386
.3748206970747544
.3841693871000875
.39361175021857764
.40314368833057335
.4127610644597913
.4224597045488184
.43223539927069643
.4420839058558309
.45200094993339757
.46198222738647277
.47202340622006767
.48212012844127883
.49226801195069547
.5024626524442924
.5126996253249441
.5229744876227657
.5332827799234
.5436200283034711
.5539817462723076
.5643634367191469
.5747605938649295
.5851687052178565
.5955832535318759
.605999718767217
.6164135800521369
.6268203176450436
.6372154148961139
.6475943602075677
.6579526489917694
.6682857856262577
.6785892854049167
.6888586764843788
.6990895018248612
.7092773211245859
.7194177127469099
.7295062756393738
.7395386312438197
.7495104253967254
.7594173302189754
.7692550459942008
.7790193030349211
.7887058635356334
.7983105234120662
.8078291141258142
.8172575044935276
.8265916024798919
.8358273569736301
.8449607595457284
.853987846189139
.8629046990392176
.8717074480741112
.8803922727944077
.8889554038812681
.8973931248323591
.9057017735748637
.9138777440548654
.9219174878024081
.92981751547159
.937574398354973
.9451847698716865
.9526453270285592
.959952831853665
.967104112801638
.9740960661301623
.9809256572470302
.9875899220272012
.994085968099256
1.0004109761007305
1.0065622009017487
1.0125369727964406
1.0183326986616317
1.0239468630822868
1.0293770294432283
1.0346208409866617
1.0396760218350352
1.044540377978793
1.0492117982286122
1.053688255131672
1.0579678058516035
1.0620485930116996
1.065928845501038
1.0696068792431654
1.0730810979270087
1.076349993699692
1.0794121478209633
1.0822662312789424
1.0849110053669335
1.0873453222210345
1.0895681253183247
1.0915784499354086
1.0933754235671194
1.0949582663051933
1.0963262911767626
1.0974789044425068
1.0984156058543457
1.099135988872552
1.0996397408421934
1.0999266431288297
1.0999965712134034
1.0998494947462807
1.0994854775604248
1.098904677643692
1.0981073470702618
1.0970938318912347
1.0958645719844413
1.09442010086353
1.0927610454464158
1.0908881257831915
1.0888021547436142
1.0865040376643127
1.0839947719558614
1.0812754466698875
1.0783472420264137
1.075211428901628
1.0718693682763045
1.0683225106451273
1.0645723953871524
1.0606206500977011
1.0564689898819661
1.0521192166106312
1.0475732181378392
1.0428329674818428
1.0379005219686868
1.0327780223393048
1.0274676918204162
1.021971835159612
1.0162928376250708
1.0104331639703241
1.0043953573645203
.9981820382886614
.9917959033982793
.9852397243530612
.9785163466139071
.9716286882079739
.9645797384622097
.9573725567059513
.9500102709431442
.9424960764947418
.9348332346119025
.9270250710605707
.9190749746780462
.910986395902192
.902762845273907
.8944078919135002
.8859251619716537
Output_flow
.09639711372013633
.2527099120227535
.9185913908080633
.7772058722536174
.16009277394063504
.36662629012939574
.6361282141215926
.3968323781765736
.20436082311864928
.4947844036013605
.7157038373928193
