System_realization
5.000138888760288
5.340709131912225
4.746893189991102
4.841123343900737
5.554050608799596
6.029335706788087
6.4674192608620835
7.284533659930479
6.619502192365585
6.981229196073397
7.540558992707464
7.8310086135015275
7.5006633622670655
7.753346544058314
8.3541822132908
8.308632744960876
7.653817388481776
8.113873412773978
7.279862771732677
7.4428911782123475
7.401201957401877
6.730500661401862
7.141223854306263
7.109946165339461
7.086189972726125
7.026563106146612
6.883718654131584
6.780889884825741
5.954330439760373
6.2753315838744275
5.7778811583243455
6.078534599027721
6.0942312788989845
6.122109497669435
7.135209987082076
7.347953165152979
7.713642772684698
8.38050602581448
8.985681157117911
9.080321750368729
9.168205765420591
9.99924362380865
11.242417283420144
11.928589386947573
11.970268074649287
11.690385284366911
10.681864812205243
9.998895488894735
11.138641005012493
12.881616568666008
12.94854043401809
14.757574892445735
13.046220988679499
13.514130398226323
15.512823933353754
15.209122100718753
15.078295407006149
15.624436214440136
14.092476045888564
14.649272998357562
16.33955747743845
16.25630558875592
15.985905335323368
16.70334924662866
17.096238974272456
21.371576757534374
20.041409353453616
21.164321722951346
19.7896409032776
18.26328470454422
17.41226581391709
19.116095841886537
20.412675685470433
20.449977383453913
21.038036985030583
22.33253101557151
22.783236503395866
21.04140439519417
19.156087582275077
19.506386061298837
21.233037896707845
24.48048534114611
27.1893301183553
30.031875012499448
32.23741557752439
34.286680590137685
32.95900851454767
36.345693390600445
36.94406426577095
36.22101518597028
35.029454356670335
33.966972108107655
33.884261151893746
34.90163377339531
32.98471850259845
33.856656733098724
35.94280036792294
33.97400499396753
33.42035594620124
36.17867312073463
39.7300327203026
39.51689979782478
37.46707447603377
39.96330844648172
40.61960362029802
38.433775381595346
39.55366081070106
39.36014808204336
38.020703432328034
41.058217109355034
40.514213375148316
42.23252706924229
43.09692453289942
47.43773994442008
47.30495240585822
46.20937720499053
42.51701950843664
46.23520796542513
47.02131399240179
44.974827522154094
42.98677596989178
42.05203043334454
39.82493685145433
41.443934328151315
38.735646042354766
36.745983918009536
39.796415674599636
37.06773826705672
36.96251435057026
38.964371665663556
42.72926193901356
47.709171643464344
50.56878349592897
45.90221509230992
45.30545737495927
46.03785889752094
48.86755331354097
42.849733501202536
44.728697616483416
45.15701202275247
41.6783411814739
42.71328486722629
42.522741988036856
40.38168229242406
43.306082135128186
44.360542836771614
44.69275291139907
46.70176663593784
48.253520560356755
50.89534512167724
49.04066986141939
47.54922053958192
45.1241487657489
47.55135714173581
44.075101157398336
50.97742259618561
42.860566474341006
42.13883693827876
47.118131763244094
45.77478206156379
43.8954653396759
41.830301845250276
43.02086596513919
34.41766379359262
36.347468419533506
36.44506629781407
33.869182206581
33.25130568099308
37.8452246731661
41.804040049331356
42.914706697656946
48.73675274049399
48.575438071726296
51.62496979115311
51.64566111830175
52.98604846309561
45.98384430949222
43.726663860933044
48.17911996288678
49.38273105067763
52.76137340721405
42.50897867190248
44.65061042775398
46.24868178256987
45.72823091211109
45.67749852977158
49.12060781258469
49.0907202061714
46.50750465922736
48.8204370190519
45.81194890095538
43.44414865994867
50.179429943039615
51.676964726402154
55.31897294560469
55.49337374968605
56.21475981068909
52.58382294305614
45.872808960817
42.93352815765922
40.81086032175479
43.24817624257631
44.95977182319083
44.73275909854556
43.18106524993298
42.66929914219158
42.19542000489844
40.696247668665194
38.995889039178714
35.254198577817284
32.00066354336419
35.00676257839563
33.670751410647625
35.509121605033656
34.60838868537888
33.74178943590976
36.683054759522896
36.43072044985185
39.88940948163287
39.79781714623039
35.14757791570013
31.826559775643837
32.5633932647837
32.75548365951335
33.81967976663373
33.03856042928488
34.33641170363524
30.50637993901548
29.626937779367474
24.801103428215896
25.450739493887614
25.07852567690451
23.590711752881813
21.672391809780812
17.38898649618017
16.52036112798921
16.019760830745362
15.900892398111697
18.2155560429537
17.308644229632097
16.063419926124524
17.223174531390008
18.033696502910182
20.230675450040053
18.586772317079124
17.707909726455377
15.161996220567543
16.29234313809451
16.867988433568602
16.483860838962748
16.18399898138741
15.474960929269065
16.91539321344832
16.903817391056812
17.38084481394228
15.532821788536058
15.696507111943271
15.90144389683088
16.863048462489573
19.08369074085703
19.072361531453037
19.58897732965161
18.67030586642378
21.469719511481227
20.41049018917783
20.85815483158836
21.307064866671286
23.14422958664268
25.69406615881629
23.427174850465978
23.126367229801502
23.765225179515653
22.34585353451629
21.977260478616127
23.23103303259362
22.91810164727318
22.072867946320304
21.44063313931826
22.405719602201305
18.992520789488523
17.031766654203924
16.408965758438374
15.07430002130274
15.47205223205366
15.524818161034371
16.8245570793016
18.164058015673824
19.143605728458358
20.248511815176663
19.80774439911939
18.554081521385804
17.84864245018618
19.10186130778906
19.46010698361431
20.79084448220756
20.378458951332963
16.188202038455877
16.129163935255477
15.47518987611213
17.548786113080407
18.679543490414755
20.411733994272193
21.526402943643998
22.160460210497806
20.550881327704634
22.274770939636362
21.735438143716866
22.136349562538662
21.707293709529672
23.515557228202763
25.951749267235833
25.78470476550577
27.594019378570454
27.50309914965103
26.84595177010671
25.529518115907265
22.979798739279346
22.86193187752792
22.670175241834556
19.826489140668823
18.94471817356242
19.475887213866955
18.57652245207573
18.669899021198212
18.482152064107865
18.98223356002993
19.150141263784647
20.940659078707423
21.306452666629447
23.39262826867318
25.740012451330028
26.52280566250423
24.471839784986877
25.836697176846698
25.350420084891173
23.792268552830595
23.573961929877562
25.361818244878744
24.195147167430363
27.765021785166287
29.13656080676726
27.18893405203917
29.354518568310972
31.02383273535795
31.016369873524376
27.127284120278254
31.5467116116731
29.64967257661802
30.508813671376956
29.529697965078988
32.73006191593037
31.492156569954634
35.20227089128856
35.26647393402198
34.86930148366205
32.87324352470811
31.121609566403517
35.65353685983361
37.36508985545743
40.108187094066885
42.12608866639749
36.60165756201064
34.38705201914819
34.97410521526858
31.785464537466332
31.20953010827074
28.71969979304073
28.79195170415394
30.146242300580216
32.021356369075804
31.591153810350487
34.91818822917393
37.107190279927465
38.49095453738954
41.50488428018931
38.54510420427769
40.98372553906935
41.049818572328405
42.058455843122786
37.913502641156875
37.01313087555798
32.47171615579007
31.44308194886061
34.042105496877824
35.37145028066418
37.26967783126129
36.26278059482865
33.725235598866114
31.82026586542468
34.797269153097226
34.70839814101844
32.67595936680647
28.953520683632505
31.34598768091369
30.142149502060967
28.237857594630867
28.348853869867984
26.842383718930336
27.251167059711747
29.30933531567311
27.596731421798793
25.650316326924948
27.82487041375062
28.803031655280527
28.78679742001496
28.25904571208208
29.314846912230145
30.38516448787984
30.816961693911598
31.635761612045766
30.856986505168276
29.50769226647819
28.76762219088198
30.196281540246208
32.23101618940138
33.96349405527676
28.848196752643773
30.241884950635534
31.30593913894991
33.81943199266362
31.578654544084777
31.91804919369788
30.63506654928532
30.41850016595865
26.67574852551174
28.001603126224634
26.98822183747925
28.694082131641952
28.768030690515303
27.63208643934225
25.730200868351655
24.87375536893698
22.028872014468813
21.67392605993785
21.689267861087263
22.28543416369484
23.191030923812637
24.389700008827997
23.859673721980514
25.516821942877055
21.07961760518081
22.659324869052842
22.823858686612216
22.073848369569152
21.161413594008085
22.862895578004917
21.553649081865732
23.238541923475005
19.36421621137899
18.441945407645676
16.087152429893987
15.967084960265586
14.688927781096936
16.137886440954194
16.13213205689309
15.856776631837308
13.837252012617538
13.039127391163827
12.516803707493747
12.418503760291616
13.546301815770038
12.389507832358934
12.320951669228451
12.65589012792045
12.986176268152683
12.345584166394932
11.874558854780101
12.375543071327463
10.349733952957585
10.380030454708251
10.445532992618881
10.214639355139006
9.330271025510964
8.814734458385471
8.624319175002896
9.11622098940733
8.471633898977805
8.367423558966767
9.31418386576528
8.209770497719791
8.724529199064726
7.948681708799692
7.653263294802355
7.136999482917389
8.212374113897834
8.37231989507197
9.495016717389797
8.312996929186674
8.463157471425244
7.955211757172978
8.121647281142927
7.468942264372427
7.110485850595641
7.553583562524588
7.682035656561764
8.05128170166461
8.124074327349353
8.280068532872924
8.332483971309598
8.89482631291633
8.977460888936534
10.881592906999602
11.165742045441279
11.476736046800948
10.57794566672367
10.160761317471113
11.17694088321402
11.05995271952068
11.816045018634625
11.89329175179599
14.079630632404907
15.784809609385768
17.1917992042114
17.488676832076475
17.436609969256722
17.45846860418358
18.127205407794406
17.904704454244225
19.799575691964716
21.15141377093863
22.6816076334258
21.202638704056646
19.144121863065696
21.809477404451094
22.622589160593204
23.92148792292813
22.814578216003603
23.419021500106172
21.060481851288642
19.192179786464937
19.288741101193597
21.265292645367786
21.972695412308557
21.203159590353923
22.727965117029708
24.322740347085002
24.283865517816277
25.22509731273355
27.00714921822973
31.76620897781342
28.14299843210008
25.26834276051572
22.958533095780954
24.801498818717143
26.33180597611779
29.847821448236292
27.966895721309577
27.911835966843086
28.07502458657293
27.102177881962668
31.593459459613417
34.19541671780019
32.5862047181094
35.49841242638368
33.649550074603276
30.626992414801958
30.897437427192926
29.75046376870258
30.554225986176096
28.248687342439617
26.664689633647274
23.812541295739337
25.084849890327153
27.99542025699464
27.821676678461667
29.392466021448584
27.935250389866393
28.166215904375548
29.374562005393805
29.174255453146923
27.797553656030903
28.598542109029143
29.180877025342767
32.74442490509172
28.182504608734362
31.17503684148748
33.77794391490867
33.72196390274747
33.13024491926115
32.96185081573427
39.529510003275696
36.79670004469912
33.45014181486323
36.00749299463091
36.66650313735784
39.350110459543075
35.506255786759674
38.47048378927253
40.212453648334076
41.72475715331387
45.62841641566048
45.01354204068574
46.38906647806525
43.36213077577813
43.25210857091187
42.53749888974102
39.88323123912507
43.08252930216358
44.0063809021701
44.648925472497545
48.25297534006438
Rain_input
.10000277777520576
.10024195579192167
.10086672478887419
.10187660272221684
.1032708104152525
.1050482721596114
.10720761654521965
.10974717751841795
.1126649956674142
.11595881973407801
.1196261083509111
.12366403200185269
.12806947520540782
.13283903891841362
.1379690431585893
.14345552984384588
.14929426584616562
.1554807462576945
.16201019786652776
.16887758283950716
.1760776026091876
.18360470196197554
.1914530733242832
.19961666124339325
.20808916705957542
.21686405376585055
.22593455105165422
.23529366052650458
.24493416111964889
.25484861465151853
.2650293715726962
.2754685768659665
.2861581761068962
.29708992167826864
.30825537913357615
.3196459337046629
.3312527969484942
.3430670135279277
.35507946812125024
.3672808924551535
.3796618724557198
.3922128555119009
.404924157845885
.41778597198466816
.4307883743270623
.44392133280030166
.4571747146003433
.47053829400988434
.4840017602880695
.49755472562579894
.5111867331604962
.5248872650441573
.5386457505584509
.5524515742706146
.5662940842238471
.5801626001558814
.5940464217394005
.6079348368379295
.6218171297708427
.6356825895811045
.6495205182993643
.6633202391980312
.677071105028963
.6907625062384035
.7043838791528423
.7179247141294732
.7313745636649647
.7447230504562864
.7579598754073736
.771074825575449
.7840577820508727
.7968987277644413
.8095877552161107
.8221150741191819
.8344710189540462
.8466460564256708
.8586307928190622
.8704159812470358
.881992528784705
.8933515034851708
.9044841412710162
.9153818526962761
.9260362295736695
.9364390514619817
.9465822920085897
.9564581251422362
.9660589311112782
.9753773023627456
.9844060492576784
.9931382056183319
1.0015670341029665
1.0096860314040819
1.0174889332660757
1.0249697193184661
1.0321226177209384
1.0389421096166411
1.0454229333902882
1.0515600887277863
1.0573488404742544
1.0627847222874571
1.0678635400838348
1.0725813752744726
1.0769345877885061
1.080919818881639
1.0845339937276002
1.0877743237905415
1.090638308976548
1.0931237395625986
1.0952286979014896
1.096951559901406
1.098290996278997
1.099245973584993
1.0998157550015686
1.0999999009108377
1.0997982692340431
1.0992110155411787
1.0982385929309588
1.0968817516812261
1.0951415386700725
1.093019296568113
1.0905166628025422
1.0876355682937693
1.084378235965604
1.0807471790301495
1.0767451990487198
1.0723753837702803
1.0676411047490786
1.0625460147433037
1.0570940448967807
1.0512894017058771
1.0451365637739567
1.0386402783558895
1.0318055576952831
1.024637675157258
1.0171421611597564
1.0093247989065162
1.0011916199250115
.9927488994127952
.9840031513958364
.9749611237025887
.9656297927576684
.9560163581991551
.9461282373236745
.9359730593635427
.9255586596003916
.914893073319815
.9039845296117028
.8928414450210413
.8814724170540834
.8698862175448979
.8580917858874123
.8460982221381783
.8339147799951722
.8215508596580577
.8090160005754082
.7963198740844973
.7834722759493271
.7704831188026523
.7573624244978376
.7441203163764407
.7307670114574987
.7173128125545281
.703768100326336
.6901433252677689
.6764489996465758
.6626956893926111
.6488940059456394
.6350545980680187
.6211881436285902
.6073053413641185
.5934169026246168
.5795335431089494
.5656659745970812
.5518248966853424
.5380209885310998
.524264900613196
.5105672465145163
.4969385947330208
.4833894605275644
.4699302978047928
.45657149105337524
.44332334733179657
.43019608831589273
.41719984241226027
.40434463694363176
.3916403904122394
.3790969048471473
.3667238582414366
.3545307970851016
.34252712899940796
.3307221154783866
.31912486474308066
.3077443247140514
.2965892761075608
.2856683256607614
.2749898994911242
.2645622365952246
.25439338249189664
.244491183014673
.23486327825829134
.22551709668393413
.21645984938776358
.20769852453716253
.19923988197897302
.19109044802390251
.18325651041111637
.17574411345689545
.16855905339111282
.1617068738851239
.1551928617745138
.14902204298001412
.14319917862972537
.13772876138564447
.13261501197732556
.12786187594535586
.12347302059715173
.11945183217742732
.11580141325552108
.11252458033159105
.10962386166352847
.1071014953162686
.10495942743499788
.10319931074359683
.10182250326947154
.10083006729576002
.10022276854172266
.10000107557194701
.1001651594348244
.10071489353057671
.10164985370893492
.10296931859639485
.10467227015279625
.10675739445679752
.10922308271963868
.1120674325264108
.11528824930387371
.11888304801369219
.12284905506977944
.12718321047827155
.13188217019848394
.1369423087230229
.1423597218750636
.1481302298206408
.15424938029362154
.16071245203087292
.16751445841498058
.1746501513216978
.1821140251691648
.1899003211657685
.19800303175337142
.20641590524247205
.2151324506357304
.22414594263613358
.23344942683593098
.24303572508234628
.2528974410159213
.2630269657772123
.27341648387745027
.28405797922862114
.29494324132831906
.306063871594608
.3174112898459876
.3289767409214799
.34075130143572263
.35272588666384974
.3648912575508648
.3772380278400782
.3897566713151256
.4024375291499731
.41527081736123084
.4282466343570428
.44135496857670886
.4545857062151595
.46792863902631565
.4813734721993159
.4949098323015301
.5085272752822413
.5222152945308038
.5359633289830763
.5497607712698702
.5635969759011161
.5774612674794523
.5913429489368839
.6052313097881633
.6191156343945179
.6329852102313646
.6468293361536106
.6606373306521783
.6743985400953856
.6881023469488095
.7017381779672952
.7152955123528113
.7287638898718208
.7421329189259261
.7553922845695719
.7685317564685888
.7815411967934661
.7944105680412439
.8071299407800078
.819689501309989
.83207955923538
.8442905549410131
.8563130669681241
.868137819283542
.8797556884366496
.8911577105986337
.9023350884785818
.9132791981110715
.9239815955100346
.9344340231837707
.9446284165060479
.9545569099384102
.964211843098884
.9735857666723742
.9826714481582324
.9914618774505264
.9999502722467254
1.0081300832806248
1.0159949993754627
1.0235389523133458
1.0307561215172123
1.0376409385417324
1.0441880913696677
1.0503925285103912
1.0562494628973877
1.0617543755817418
1.0669030192187594
1.0716914213450246
1.0761158874433787
1.0801730037934436
1.0838596401054945
1.0871729519356539
1.090110382880535
1.0926696665496514
1.094848828314059
1.096646186829895
1.098060355335625
1.0990902427220082
1.0997350543739475
1.099994292783579
1.0998677579341276
1.09935554745423
1.0984580565426094
1.097175977663158
1.095510300010662
1.0934623087475848
1.0910335840124903
1.0882259997008807
1.0850417220193833
1.0814832078143983
1.07755320267651
1.0732547388221112
1.0685911327538766
1.0635659827019024
1.0581831658474716
1.0524468353315901
1.0463614170506144
1.0399316062414246
1.033162363858789
1.0260589127477138
1.0186267336137316
1.0108715607942278
1.0027993778340882
.9944164128690626
.9857291338204064
.9767442434045316
.9674686739614818
.9579095821062545
.9480743432070736
.9379705456948839
.9276059852084586
.9169886585796339
.9061267576633056
.8950286630169679
.8837029374346438
.8721583193402129
.8604037160452433
.8484481968765024
.8363009861784648
.8239714561962302
.8114691198443136
.7988036233669003
.7859847388952425
.7730223569079169
.7599264785997677
.7467072081654402
.7333747450034338
.719939375846696
.7064114668258408
.6928014554711126
.6791198426592437
.6653771845114564
.6515840842488229
.6377511840113
.623889156646728
.6100086974761346
.5961205160417059
.5822353278437837
.5683638460732612
.5545167733457642
.5407047934439939
.5269385630745889
.5132287036458982
.4995857930729696
.4860203576161044
.4725428637592658
.4591637101346089
.4458932194993539
.43274163077121763
.41971909112851613
.406835648181057
.39410124221785026
.3815256985376271
.36911871986808165
.3568898788796706
.34484861079977946
.33300420613291515
.321365803492571
.3099423825502784
.2987427571072946
.2877755682942701
.27704927790413203
.26657216186335086
.25635230384659946
.24639758903974912
.2367156980560195
.22731410100995614
.21820005175382196
.20938058228085543
.20086249729969125
.1926523689841552
.18475653190246882
.17718107812977907
.16993185254778143
.16301444833507797
.1564342026517243
.15019619252131663
.14430523091378983
.13876586303194027
.13358236280455524
.1287587295888381
.12429868508468121
.12020567046317228
.11648284371153818
.11313307719658286
.11015895544849859
.1075627731667581
.10534653344962476
.10351194624865423
.10206042704937081
.10099309577914173
.10031077594309232
.10001399398872546
.10010297889973839
.1005776620193492
.10143767710326912
.10268236060228074
.10431075217420235
.10632159542484539
.108713338877392
.11148413716944511
.114631852476828
.11815405616303358
.12204803065305192
.12631077153012998
.13093898985384456
.1359291146977023
.1412772959043076
.14697940705597165
.1530310486584707
.15942755153550237
.1661639804312091
.1732351378180042
.18063556790675353
.1883595608562137
.1964011571784935
.2047541523371303
.2134121015342279
.22236832468297885
.23161591156172273
.2411477271455585
.25095641711141387
.2610344135123173
.2713739406164775
.2819670209066989
.29280548123547634
.30388095913102603
.3151849092494031
.32670860996769846
.33844317011325886
.3503795358237155
.362508497532546
.3748206970747544
.3873066349072227
.39995667743812835
.4127610644597913
.4257099166792254
.43879324334054604
.45200094993339757
.4653228459814279
.4787486529048032
.49226801195069547
.5058704921856444
.5195455985435901
.5332827799234
.5470714373296334
.560900932050242
.5747605938649295
.588639729277822
.6025276297680832
.6164135800521369
.6302868663510995
.6441367846570506
.6579526489917694
.6717237996515574
.6854396114317932
.6990895018248612
.7126629391851405
.7261494508547586
.7395386312438197
.7528201498588969
.7659837592735764
.7790193030349211
.7919167234997257
.8046660695945513
.8172575044935276
.8296813132080088
.8419279100822221
.853987846189139
.8658518166208351
.8775106676677465
.8889554038812681
.9001771950142264
.9111673828339178
.9219174878024081
.9324192156189631
.9426644636195632
.9526453270285592
.9623541050576385
.9717833068474118
.9809256572470302
.9897741024273573
.9983218153233975
1.0065622009017487
1.0144889012490357
1.0220958004773981
1.0293770294432283
1.0363269702755442
1.0429402607104887
1.0492117982286122
1.0551367439917432
1.0607105265764298
1.065928845501038
1.0707876745438132
1.0752832648493347
1.0794121478209633
1.0831711377970543
1.0865573345088766
1.0895681253183247
1.092201187233717
1.094454488702112
1.0963262911767626
1.097815150458502
1.098919917810023
1.0996397408421934
1.0999740641717186
1.0999226298496543
1.0994854775604248
1.0986629445912073
1.097455665571694
1.0958645719844413
1.093890891446179
1.0915361467606362
1.0888021547436142
1.0856910248212122
1.0822051574022888
1.0783472420264137
1.0741202552887386
1.0695274585433898
1.0645723953871524
1.0592588889253907
1.0535910388223102
1.0475732181378392
1.0412100699535727
1.034506503790375
1.0274676918204162
1.020099064876554
1.0124063082621462
1.0043953573645203
.9960723930755019
.9874438370225085
.9785163466139071
.969296809902466
.959792340270826
.9500102709431442
.9399581493271
.9296437311906556
.9190749746780462
.9082600341696392
.8972072539903737
.8859251619716537
Output_flow
.11032024165981612
.3392208382888973
.8162318022654055
1.0236684003263483
.38114036904421716
.30877669278796954
.9509686864474095
.7414268496658922
.17879370844911158
.5136005172470794
.9028629550829533
