System_realization
0
0
0
0
0
0
0
0
0
0
0
0
0
0
0
0
0
0
0
0
0
0
0
0
0
0
0
0
0
0
0
0
0
0
0
0
0
0
0
0
0
0
0
0
0
0
0
0
0
0
0
0
0
0
0
0
0
0
0
0
0
0
0
0
0
0
0
0
0
0
0
0
0
0
0
0
0
0
0
0
0
0
0
0
0
0
0
0
0
0
0
0
0
0
0
0
0
0
0
0
0
0
0
0
0
0
0
0
0
0
0
0
0
0
0
0
0
0
0
0
0
0
0
0
0
0
0
0
0
0
0
0
0
0
0
0
0
0
0
0
0
0
0
0
0
0
0
0
0
0
0
0
0
0
0
0
0
0
0
0
0
0
0
0
0
0
0
0
0
0
0
0
0
0
0
0
0
0
0
0
0
0
0
0
0
0
0
0
0
0
0
0
0
0
0
0
0
0
0
0
0
0
0
0
0
0
0
0
0
0
0
0
0
0
0
0
0
0
0
0
0
0
0
0
0
0
0
0
0
0
0
0
0
0
0
0
0
0
0
0
0
0
0
0
0
0
0
0
0
0
0
0
0
0
0
0
0
0
0
0
0
0
0
0
0
0
0
0
0
0
0
0
0
0
0
0
0
0
0
0
0
0
0
0
0
0
0
0
0
0
0
0
0
0
0
0
0
0
0
0
0
0
0
0
0
0
0
0
0
0
0
0
0
0
0
0
0
0
0
0
0
0
0
0
0
0
0
0
0
0
0
0
0
0
0
0
0
0
0
0
0
0
0
0
0
0
0
0
0
0
0
0
0
0
0
0
0
0
0
0
0
0
0
0
0
0
0
0
0
0
0
0
0
0
0
0
0
0
0
0
0
0
0
0
0
0
0
0
0
0
0
0
0
0
0
0
0
0
0
0
0
0
0
0
0
0
0
0
0
0
0
0
0
0
0
0
0
0
0
0
0
0
0
0
0
0
0
0
0
0
0
0
0
0
0
0
0
0
0
0
0
0
0
0
0
0
0
0
0
0
0
0
0
0
0
0
0
0
0
0
0
0
0
0
0
0
0
0
0
0
0
0
0
0
0
0
0
0
0
0
0
0
0
0
0
0
0
0
0
0
0
0
0
0
0
0
0
0
0
0
0
0
0
0
0
0
0
0
0
0
0
0
0
0
0
0
0
0
0
0
0
0
0
0
0
0
0
0
0
0
0
0
0
0
0
0
0
0
0
0
0
0
0
0
0
0
0
0
0
0
0
0
0
0
0
0
0
0
0
0
0
0
0
0
0
0
0
0
0
0
0
0
0
0
0
0
0
0
0
0
0
0
0
0
0
0
0
0
0
0
0
0
0
0
0
0
0
0
0
0
0
0
0
0
0
0
0
0
0
0
0
0
0
0
0
0
0
0
0
0
0
0
0
0
0
0
0
0
0
0
0
0
0
0
0
0
0
0
0
0
0
0
0
0
0
0
0
0
0
0
0
0
0
0
0
0
0
0
0
0
0
0
0
0
0
0
0
0
0
0
0
0
0
0
0
0
0
0
0
0
0
0
0
0
0
0
0
0
0
0
0
0
0
0
0
0
0
0
0
0
0
Rain_input
.10000277777520576
.10018417236587189
.1006488958772985
.10139668487322832
.10242711545702295
.10373960351195559
.10533340503232744
.10720761654521965
.10936117562264204
.11179286148378802
.11450129568705456
.11748494291143473
.12074211182683996
.12427095605285868
.12806947520540782
.13213551603068366
.13646677362576976
.1410607927452096
.14591496919280297
.15102655129783837
.1563926414749231
.16201019786652776
.16787603606731402
.17398683092926742
.18033911844661338
.18692929771944597
.1937536329949584
.20080825578511646
.20808916705957542
.21559223951259665
.22331321990268033
.23124773146358515
.23939127638537208
.24773923836406214
.2562868852184652
.2650293715726962
.27396174160285636
.2830789318463251
.29237577407206733
.3018469982103324
.3114872353400795
.321291020732441
.3312527969484942
.3413669169895889
.35162764749844166
.36202917200918494
.37256559424452895
.3832309414581625
.39401916782050495
.404924157845885
.4159397298592056
.4270596395001294
.4382775832627983
.4495872020690802
.4609820848733194
.47245577229654323
.4840017602880695
.4956135038124351
.5072844205595591
.5190078946760347
.5307772805154343
.5425859064055071
.5544270784301263
.5662940842238471
.5781801967769219
.5900786782486198
.6019827837866815
.6138857653507525
.6257808755376216
.6376613714060989
.6495205182993643
.6613515936626184
.6731478908538776
.6849027229457427
.696609426515997
.7082613654248765
.7198519345768775
.7313745636649647
.7428227208950581
.7541899166886901
.7654697073617315
.7766556987770998
.787741549969383
.7987209767393217
.8095877552161107
.8203357253855058
.8309587945817286
.8414509409411962
.851806216816115
.8620187521460033
.8720827577852333
.881992528784705
.89174244762579
.9013269874047171
.9107407149655888
.9199782939802563
.9290344879733066
.9379041632904438
.9465822920085897
.9550639547860421
.9633443436510886
.9714187647274829
.9792826408952483
.9869315143852941
.9943610493063757
1.0015670341029665
1.00854538394265
1.0152921430316715
1.0218034868573505
1.0280757243560652
1.0341053000055946
1.0398887958406269
1.0454229333902882
1.0507045755365991
1.0557307282928017
1.0604985425005522
1.0650053154450114
1.069248492386926
1.0732256680108234
1.0769345877885061
1.080373149257067
1.0835394032107064
1.0864315548056722
1.089047964577697
1.0913871493713532
1.093447783180808
1.0952286979014896
1.0967288839922473
1.0979474910476263
1.0988838282799356
1.0995373649108302
1.0999077304721938
1.0999947150161435
1.0997982692340431
1.0993185044844533
1.0985556927300077
1.0975102663832457
1.0961828180614919
1.0945741002509208
1.0926850248799993
1.0905166628025422
1.088070243190684
1.0853471528380987
1.0823489353738756
1.0790772903874866
1.0755340724653444
1.0717212901395015
1.0676411047490786
1.0632958292150743
1.058687926729247
1.0538200093578145
1.0486948365607598
1.043315313627585
1.0376844900304012
1.0318055576952831
1.025681849192873
1.0193168358492573
1.012714125778189
1.0058774618357658
.9988107194987321
.9915179046675998
.9840031513958364
.9762707195464084
.9683249923770074
.9601704740553269
.9518117871058001
.9432536697892449
.934500973416903
.9255586596003916
.9164317974391316
.907125560646846
.8976452246187522
.8879961634411168
.8781838468448667
.868213837104978
.8580917858874123
.8478234310453723
.8374145933667048
.826871173274291
.8161991474812951
.8054045656031599
.7944935467282865
.7834722759493271
.7723470008570582
.7611240279988336
.7498097193036114
.7384104884755902
.7269327973584916
.7153831522725572
.703768100326336
.6920942257053434
.6803681459397057
.6685965081529053
.656785985293748
.6449432723536891
.6330750825716662
.6211881436285902
.6092891938336468
.5973849783045704
.5854822451440654
.573587741614533
.561708210313268
.5498503853503097
.5380209885310998
.5262267255461105
.5144742821696178
.5027703204697558
.49112147503201287
.4795343491983072
.4680155113237723
.45657149105337524
.44520877562047856
.4339338061694459
.42275297410436885
.4116726174659959
.4006990173389072
.3898383942909789
.3790969048471473
.36848063799948383
.35799561175554695
.3476477697269743
.33744297776024773
.3273870206115405
.317485598667533
.3077443247140514
.29816872075436973
.28876421487896653
.2795361381885252
.27048972177190755
.2616300937408277
.25296227632289314
.244491183014673
.23622161579640152
.22815826240989306
.22030569370122016
.21266836102965325
.20525059374433108
.19805659673009932
.19109044802390251
.1843560965030781
.1778573596468705
.1715979213724318
.16558132994652852
.15981099597414936
.15429019046514766
.14902204298001412
.14400953985583223
.13925552251342593
.1347626858466509
.1305335766947494
.12657059239863344
.12287597944191012
.11945183217742732
.11630009164005238
.1134225444463661
.11082082178188903
.108496398476416
.10645059216798503
.10468456255595222
.10319931074359683
.10199567867062895
.10107434863592223
.10043584291074133
.10008052344268378
.10000859165050392
.10022008830993541
.10071489353057671
.101492726823853
.10255314726201582
.10389555372809042
.10551918525662851
.10742312146507468
.10960628307550044
.1120674325264108
.11480517467427599
.11781795758439327
.12110407341062573
.12466165936352339
.12848869876627678
.13258302219790424
.1369423087230229
.14156408720751026
.14644573771930883
.15158449301357596
.15697744010134432
.16262152190079812
.1685135389702299
.1746501513216978
.1810278803143538
.18764311062636785
.1944920923043351
.20157094288899707
.2088756496160813
.21640207169100067
.22414594263613358
.23210287270934626
.24026835139239328
.24863774994777713
.25720632404262844
.2659692164381068
.27492145974281046
.28405797922862114
.2933735957074018
.30286302846690377
.31252089826422563
.32234173037512953
.33231995769747674
.3424499239070323
.35272588666384974
.363142020867409
.37369242195867003
.38437110926717677
.3951720294012928
.406089059679671
.41711601160199674
.4282466343570428
.4394746183660425
.45079359885938397
.4621971594845833
.4736788359434998
.48523211965673363
.4968504614531216
.5085272752822413
.5202559419478267
.5320298128599685
.5438422138039767
.5556864487237723
.5675558035176582
.5794435498443161
.5913429489368839
.6032472554229341
.6151497211482003
.6270435990018843
.6389221467413635
.6507786308141477
.6626063301749022
.6743985400953856
.6861485759651382
.6978497770807589
.709495510421643
.7210791744100166
.7325942026531506
.744034067665631
.7553922845695719
.7666624147706765
.777838069608062
.7889129139757779
.7998806699139658
.8107351201676267
.8214701117109741
.83207955923538
.8425574485989329
.8528978402356554
.8630948725224424
.8731427651018245
.8830358221586596
.8927684356488937
.9023350884785818
.9117303576313429
.9209489172424842
.9299855416180554
.9388351081971267
.9474926004555922
.9559531107498698
.964211843098884
.9722641159027456
.9801053645965955
.987731144238101
.9951371320271519
1.002319129756305
1.0092730661906117
1.0159949993754627
1.0224811188711542
1.0287277479128965
1.0347313454950473
1.0404885083783961
1.0459959730193407
1.051250617419883
1.0562494628973877
1.0609896757730954
1.065468568978442
1.0696836035782684
1.0736323902100569
1.0773126904383823
1.0807224180238058
1.0838596401054945
1.0867225782968961
1.089309609693846
1.0916192677945389
1.093650243330839
1.09540138501046
1.0968717001695956
1.098060355335625
1.0989666766995843
1.0995901504981236
1.099930423304743
1.0999873022301392
1.0997607550315456
1.099250910131013
1.0984580565426094
1.097382643708587
1.0960252812446094
1.0943867385941821
1.0924679445924772
1.0902699869398114
1.0877941115850625
1.0850417220193833
1.082014378480609
1.0787137970688123
1.0751418487735
1.071300558413015
1.0671921034867315
1.062818812940706
1.0581831658474716
1.053287790000739
1.048135460425784
1.0427290978063821
1.0370717668291665
1.0311666744463608
1.025017168057867
1.0186267336137316
1.0119989936380813
1.005137705175632
.998046757661948
.9907301707186472
.9831920918748164
.9754367942159089
.9674686739614818
.9592922479731215
.9509121511939866
.9423331340214138
.9335600596140746
.9245979011352173
.9154517389335364
.9061267576633056
.8966282433453631
.8869615803706389
.8771322484479334
.8671458194976445
.8570079544932343
.846724400252214
.8363009861784648
.8257436209577379
.8150582892082251
.8042510480880763
.7933280238617899
.7822954084274533
.7711594558067497
.7599264785997677
.7486028444065961
.7371949722177491
.7257093287754451
.7141524249078351
.7025308118382315
.6908510774714259
.6791198426592437
.6673437574473904
.6555294973057678
.6436837593443726
.6318132585169252
.6199247238143927
.6080248944505408
.5961205160417059
.5842183367829209
.572325103622599
.560447558437907
.5485924342130178
.5367664512224164
.5249763132213902
.5132287036458982
.5015302818239542
.4898876792006748
.47830749557913477
.4667962953791581
.45536060391617184
.4440069037022123
.43274163077121763
.42157117103064645
.4105018566415197
.39953996242893797
.38869170232508166
.37796322584675124
.36736061460939684
.3568898788796706
.3465569541683922
.3363676978659139
.32632788592176176
.3164432095704345
.3067192721052433
.29716158570198337
.2877755682942701
.27856654050228835
.269539722616718
.26070023163951794
.2520530783832712
.24360316463072487
.2353552803561271
.22731410100995614
.21948418486856064
.2118699704502249
.20447577399912298
.1973057870385801
.19036407399504263
.18365456989408474
.17718107812977907
.17094726830867474
.16495667416962445
.15921269158062304
.15371857661380262
.14847744369967583
.14349226386166697
.13876586303194027
.1343009204494716
.13009996714127806
.12616538448766154
.12249940287228657
.11910410041784865
.11598140180805351
.11313307719658286
.11056074120364959
.10826585200072492
.1062497104839492
.10451345953669802
.10305808338171832
.1018844070232067
.10099309577914173
.1003846549041367
.10005942930302858
.10001760333536232
.1002592007108838
.10078408447609966
.10159195709191142
.10268236060228074
.10405467689382933
.10570812804622635
.1076417767731666
.10985452695368586
.11234512425351509
.11511215683612246
.11815405616303358
.12146909788298668
.12505540280940752
.12891093798565825
.13303351783745412
.1374208054117896
.14207031370168244
.14697940705597165
.1521453026733845
.1575650721800079
.16323564328929352
.1691538015436267
.17531619213649946
.18171932181423867
.1883595608562137
.19523314513240492
.20233617823716024
.20966463369794552
.21721435725780744
.22498106923028838
.23296036692544092
.2411477271455585
.24953850874923098
.2581279552822525
.26691119767389443
.27588325699701927
.2850390472904686
.2943733784421295
.30388095913102603
.31355639982680594
.32339421584487127
.33338883045547296
.3435345780449721
.3538257073274811
.3642563846050827
.3748206970747544
.3855126561801443
.3963262010062748
.4072552017152854
.4182934630212215
.42943472770194113
.4406726801461297
.45200094993339757
.4634131154454727
.47490270750639074
.4864632130496619
.4980880788103065
.5097707150396837
.5215044992410056
.5332827799234
.5450988803724289
.5569461024348846
.5688177303157591
.5807070343851958
.5926072749933023
.6045117062906207
.6164135800521369
.6283061495026162
.6401826731411244
.6520364185625684
.6638606662740634
.6756487135039926
.6873938780015855
.6990895018248612
.7107289551147956
.7223056398535656
.7338129936047473
.745244493233337
.7565936586035089
.7678540562519791
.7790193030349211
.7900830697463669
.8010390847060094
.8118811373144202
.8226030815736215
.8331988395710599
.8436624049249571
.853987846189139
.8641693102153705
.8742010254713071
.8840773053121919
.8937925512044167
.9033412558991483
.912718006554204
.9219174878024081
.9309344847647015
.939763886006276
.9484006864340863
.9568399901340569
.9650770131464248
.9731070861775996
.9809256572470302
.9885282942675772
.9959106875579051
1.0030686522855095
1.0099981308389459
1.016695195127964
1.0231560488102058
1.0293770294432283
1.0353546105606186
1.0410854036710293
1.0465661601790053
1.0517937732264975
1.0567652794540427
1.061477860680591
1.065928845501038
1.0701157108005568
1.074036083184867
1.0776877403256326
1.081068612220225
1.084176782365141
1.0870104888424008
1.0895681253183247
1.091848241954107
1.0938495462276832
1.095570903666416
1.0970113384901912
1.098170034164555
1.0990463338635788
1.0996397408421934
1.0999499187177761
1.0999766916608358
1.0997200444946844
1.099180122704039
1.0983572323525534
1.0972518399093194
1.0958645719844413
1.094196214973832
1.0922477146134306
1.0900201754430974
1.0875148601804858
1.0847331890052498
1.0816767387539943
1.0783472420264137
1.074746586203145
1.07087681237587
1.0667401141902906
1.0623388366026243
1.057675474550325
1.0527526715377897
1.0475732181378392
1.0421400504098408
1.0364562482353483
1.0305250335722258
1.0243497686282241
1.0179339539550563
1.0112812264640536
1.0043953573645203
.9972802500259644
.9899399377654042
.9823785815610138
.9746004676934098
.9666100053158952
.9584117239550595
.9500102709431442
.9414104087836219
.9326170124514938
.9236350666298243
.9144696628841008
.9051259967759788
.8956093649181092
.8859251619716537
Output_flow
.09492223887706366
.26740655170805644
.8061969309028428
.6775028949542823
.45774410975227875
.7446892109099876
1.3640718717539122
.5341626147367269
.1615977040117586
.8081239820359791
.7469417625065624
