System_realization
5.000138888760288
5.417250547409209
4.674563339952261
4.7957506562740395
5.669280940885496
6.264151082948793
6.819623137529575
7.8720223313364
6.983242779245931
7.4618498081766695
8.208162919455921
8.609986182515277
8.185422260537884
8.560344237233153
9.417114080887483
9.40018591064716
8.552171110558124
9.266123696659461
8.187904679389108
8.530109194687563
8.597678869418795
7.781920794074213
8.527890009489033
8.646971917402142
8.78651899650732
8.879995709659836
8.851991915371894
8.893316916719222
7.776692793957287
8.53013601879625
7.931379737705238
8.68218602462987
8.94030990247945
9.216288762000257
11.303697632833956
11.892874248238659
12.783350671170318
14.285109325335057
15.66768460676785
15.963370182020798
16.24210613175201
18.130095430392135
20.93869926927829
22.500034100404072
22.56539482165985
21.88897684257543
19.5603079282467
18.061404330620057
20.645842705041527
24.605343724611867
24.682790999652557
28.82380076785008
24.56692924756896
25.570333921198557
30.101228409911148
29.18720256916793
28.70281892295164
29.805119959712872
26.0280973680629
27.167042750093138
30.85316280741721
30.425082463699084
29.57259251333869
30.976741688657352
31.610633653514586
41.01312311899014
37.42648275967319
39.59944321533635
36.00599242962576
32.22722814976328
30.08291633298208
33.4201290896422
35.845796551576505
35.51534354140074
36.35273930371473
38.65165554692239
39.1105070388293
34.93336766414836
30.663741199155464
30.999636716086286
33.98776142948451
39.90349031874569
44.73071534276588
49.77621520307198
53.47135310756176
56.77900319202395
53.165884263256615
58.98959302925914
59.20585313949137
56.80005922349051
53.555033556845075
50.654143333734396
49.63159477774302
50.59206973435826
46.296261169724445
46.968644468120004
49.66289810046434
45.42260639840644
43.671942121387964
47.26231365511612
52.04567417027227
50.713927239831584
46.512904608121275
49.39001970434012
49.40564896803327
45.16012447215456
45.843812384440525
44.618603458206245
41.81838906472926
45.007489235533896
43.31112838077314
44.61316416832147
44.752592356020514
49.28249330787204
48.0435753184869
45.62084020964132
40.125487408195575
43.47418950764941
43.37059355604337
40.04420530376582
36.90769275231922
35.001085420313906
31.83318045879691
32.56949332811633
29.098149356906212
26.45902928059694
28.38461716898808
25.20224659657691
24.369934843890277
25.255672360287058
27.498656358131004
30.642298313444176
32.063203173227144
27.590729736661068
26.37230587626818
26.13662261538238
27.353402012684274
22.463592100223167
22.9868351784561
22.5716253458112
19.770496872195306
19.75189696859707
19.033488598803732
17.270123545875308
18.25065140524479
18.240715604313742
17.866368232570224
18.327051981599606
18.557529886939594
19.29833194563822
17.93940174168367
16.80888878746515
15.330051811300788
15.950668196868099
14.144832273341862
16.526073915168688
12.96272717142758
12.426686450441542
13.987403978922426
13.265540714489752
12.4000279550627
11.524860789907517
11.804806706999683
8.816161130465636
9.395277028490044
9.420763605853535
8.629283172893516
8.50177869353571
10.038174796431603
11.43416191000894
11.93250753648317
14.070123407213003
14.179635852937755
15.472378302007831
15.706333646020123
16.468439888379194
14.097472375392679
13.610755450838184
15.713962695364986
16.61841411099352
18.46660863258357
14.550937434448524
16.012632680906332
17.304523996124395
17.68512238436715
18.319299949318555
20.705535454489038
21.405303659925707
20.778711431283817
22.847984358327114
21.951563887867405
21.443316949618392
26.444950291729313
28.33845375123117
31.73893948030547
32.83021256209002
34.35736310362332
32.67545022531043
28.66397143692233
27.590553281656977
27.146830735879174
30.40323355512556
33.15710195557647
34.246604672533216
34.1151136117515
34.982140220883835
35.89715725646873
35.75306202208271
35.37663247598716
32.70808084583384
30.55395188993954
35.659110034812805
35.563402339764586
39.53878563546101
39.89690887560486
40.27932645615158
46.20282258862315
47.40490714117012
54.51561924534763
55.916583790898926
49.471209096588794
45.369585800048675
48.32272155242075
50.31825859049799
53.952568321010204
54.027875675355276
58.225899190577834
51.829470117473775
51.60471394045989
42.90532768389293
45.93872829304249
46.72653130400481
44.912550195692816
42.01098016814826
33.409414505331014
32.979694675629496
33.33317881637913
34.55916024679716
42.188432470084706
40.9587830516315
38.650938125380954
43.334755256808265
46.98944674558391
55.0564256300797
50.48649670527905
48.4497398187045
40.75386843084518
45.31892166958392
47.993324711432116
47.25648394329002
46.72963056736341
44.66812012898384
50.14260757144774
50.32925050959581
52.205224905002964
45.43027781577935
46.035053536998696
46.69017814124461
49.96740478981205
57.71235156132534
57.16940331338956
58.48313219303476
54.43674381307559
63.714175278680166
58.94234215287924
59.58421741819754
60.124659869882
65.35869959997684
72.91780448727413
63.60766525727088
61.22975268815909
61.888962682500875
55.8763572808029
53.28828443810552
55.53508199266766
53.05783347366877
49.08845096349458
45.810850085226946
46.794109877286346
36.4712680001778
30.419164021614137
27.71152327748979
23.6464063179805
23.185933255123196
22.065864351369367
23.13640625481555
24.1801618568081
24.546089280097018
25.045679066868196
23.1366292764448
20.14580264099121
18.083485889168784
18.574218128059417
17.94252540851083
18.417282263496116
16.949759328116457
11.710739785354825
10.842861593151387
9.539783641842686
10.405516381515115
10.534402018647818
11.06246377550294
11.147981638981262
10.91910652113507
9.34699373390476
9.769086730440305
8.959178711840394
8.68688025653307
8.040045112935196
8.462859252926012
9.158516666945811
8.722015840129448
9.144315832179588
8.800176443485213
8.270850899604751
7.542079205881612
6.432161341928593
6.258886284596029
6.095048917831711
5.092029156584845
4.8013995986957685
4.987581435512483
4.748604755681752
4.8528538754470265
4.890209192281118
5.172563768208007
5.365486455525914
6.135484880972573
6.42825505939459
7.378573031341908
8.469443570636956
8.973419543291847
8.329771698996337
9.145558799778064
9.19027529418674
8.778570024395844
8.992638875435842
10.157653731073246
9.913050074945218
12.059567735606958
13.125050393686754
12.391588620812664
13.980890585729624
15.32853769492186
15.698412309803514
13.680857719753792
16.866718955038507
16.043977008464235
17.07113535120851
16.859822233300235
19.581617920268997
19.130846123895523
22.377191287738736
22.879749316672186
23.031559038110473
21.903800677886927
21.00090147170527
25.305367685954504
27.297435996532847
30.243864321763958
32.57490610160446
27.79760198524853
26.290245645214643
27.431783889006116
24.953736135304926
25.037341429528652
23.23266875398418
23.981194434263404
26.02627476237576
28.63833650231927
28.756775480559625
33.05853417483206
36.127431283260535
38.27049024150436
42.4121384544061
39.13158783139083
42.64674275608521
43.17284993591987
44.91574142285376
39.92230211707394
39.267762419466315
33.88526924411758
33.170169035967795
37.13244655423732
39.44845528631345
42.54454549057867
41.594637543533686
38.498741475080806
36.3440475947923
41.04056311185025
41.37076678980239
38.851022270197355
33.90492463121894
37.871522403302926
36.556192855793476
34.199612338351216
34.85558691748914
33.05298414599312
34.144769750253275
37.745452823970524
35.421631197094676
Rain_input
.10000277777520576
.1005061645760788
.10187660272221684
.1041117133249251
.10720761654521965
.11115893832868463
.11595881973407801
.12159892883949305
.12806947520540782
.13535922686951707
.14345552984384588
.15234433008030054
.16201019786652776
.1724363546097346
.18360470196197554
.19549585323634988
.20808916705957542
.22136278320252123
.23529366052650458
.24985761697948017
.2650293715726962
.2807825882649503
.29708992167826864
.31392306456565233
.3312527969484942
.3490490368383693
.3672808924551535
.3859167158508282
.404924157845885
.42427022418297156
.44392133280030166
.46384337212541105
.4840017602880695
.5043615051495653
.5248872650441573
.5455434101272563
.5662940842238471
.5871032670697846
.6079348368379295
.6287526328405804
.6495205182993643
.6702024430736214
.6907625062384035
.7111650184034479
.7313745636649647
.751356061082682
.771074825575449
.7904966281296761
.8095877552161107
.8283150673118018
.8466460564256708
.8645489025278313
.881992528784705
.8989466555040518
.9153818526962761
.9312695911607657
.9465822920085897
.9612933745355865
.9753773023627456
.9888096277637815
1.0015670341029665
1.0136273763095434
1.0249697193184661
1.0355743744107415
1.0454229333902882
1.0544983005379878
1.0627847222874571
1.0702678145710343
1.0769345877885061
1.0827734693552342
1.0877743237905415
1.0919284703114869
1.0952286979014896
1.097669277827643
1.099245973584993
1.0999560482505182
1.0997982692340431
1.0987729104178439
1.0968817516812261
1.0941280758109042
1.0905166628025422
1.0860537815633526
1.0807471790301495
1.074606066721752
1.0676411047490786
1.0598643833106856
1.0512894017058771
1.0419310449018118
1.0318055576952831
1.0209305165140297
1.0093247989065162
.997008550773153
.9840031513958364
.970331176326507
.9560163581991551
.9410835455332899
.9255586596003916
.9094686494282126
.8928414450210413
.8757059088771243
.8580917858874123
.840029651702596
.8215508596580577
.8026874863488713
.7834722759493271
.7639385833736301
.7441203163764407
.72405187669376
.703768100326336
.6833041970692431
.6626956893926111
.6419783507795888
.6211881436285902
.600361156827607
.5795335431089494
.5587414562931718
.5380209885310998
.517408107652911
.4969385947330208
.4766479819791474
.45657149105337524
.43674397193228165
.41719984241226027
.397973028365045
.3790969048471473
.36060423816543485
.34252712899940796
.3248969566789204
.3077443247140514
.291099007671705
.2749898994911242
.25944496332806566
.244491183014673
.23015451621932687
.21645984938776358
.2034309545436955
.19109044802390251
.17945975121944246
.16855905339111282
.15840727662372583
.14902204298001412
.14041964391120199
.13261501197732556
.1256216949264003
.11945183217742732
.11411613374806341
.10962386166352847
.10598281387902875
.10319931074359683
.10127818402885244
.10022276854172266
.10003489633568455
.10071489353057671
.10226157974650087
.10467227015279625
.1079427801285295
.1120674325264108
.1170390675275257
.12284905506977944
.12948730982847434
.1369423087230229
.14520111091940055
.15424938029362154
.16407141031724293
.1746501513216978
.1859672400941324
.19800303175337142
.2107366338506807
.22414594263613358
.238207681427622
.2528974410159213
.26818972203565394
.28405797922862114
.30047466752265106
.3174112898459876
.33483844659421336
.35272588666384974
.3710425599640338
.3897566713151256
.40883573564069087
.4282466343570428
.4479556728624635
.46792863902631565
.4881308625765106
.5085272752822413
.5290824718275255
.5497607712698702
.5705262789773948
.5913429489368839
.6121746463246178
.6329852102313646
.6537385164326573
.6743985400953856
.6949294183118637
.7152955123528113
.7354614695312022
.7553922845695719
.7750533603642819
.7944105680412439
.8134303061988666
.83207955923538
.8503259546593007
.868137819283542
.8854842342056277
.9023350884785818
.9186611313793129
.9344340231837707
.9496263843607428
.964211843098884
.9781650810844855
.9914618774505264
1.0040791508207014
1.0159949993754627
1.0271887388705079
1.0376409385417324
1.0473334548343145
1.0562494628973877
1.0643734857896205
1.0716914213450246
1.0781905666523368
1.0838596401054945
1.088688800986925
1.0926696665496514
1.095795326568568
1.098060355335625
1.099460821078094
1.099994292783579
1.0996598444199106
1.0984580565426094
1.0963910152871226
1.0934623087475848
1.0896770207483897
1.0850417220193833
1.0795644587899942
1.0732547388221112
1.0661235149059343
1.0581831658474716
1.049447474980658
1.0399316062414246
1.0296520778452254
1.0186267336137316
1.006874712000451
.9944164128690626
.981273462082097
.9674686739614818
.9530260116860613
.9379705456948839
.922328410168422
.9061267576633056
.8893937119792764
.8721583193402129
.8544504979739587
.8363009861784648
.8177412889644062
.7988036233669003
.7795208625212491
.7599264785997677
.7400544847087952
.719939375846696
.699616069025376
.6791198426592437
.6584862753268179
.6377511840113
.6169505619273102
.5961205160417059
.5752972043969382
.5545167733457642
.5338152948062346
.5132287036458982
.49279273530389944
.4725428637592658
.4525142399530526
.43274163077121763
.4132593586941927
.39410124221785026
.3753005371493421
.3568898788796706
.33890122573321607
.321365803492571
.30431405119494503
.2877755682942701
.27177906328067747
.25635230384659946
.24152206868592618
.22731410100995614
.213753063860779
.20086249729969125
.18866477754494765
.17718107812977907
.16643133314810105
.1564342026517243
.147207040259114
.13876586303194027
.13112532367169943
.12429868508468121
.11829779735941527
.11313307719658286
.10881348982707745
.10534653344962476
.10273822621495551
.10099309577914173
.10011417144421797
.10010297889973839
.1009595375743926
.10268236060228074
.10526845740390386
.108713338877392
.11301102519095459
.11815405616303358
.12413350421213162
.13093898985384456
.1385586997181917
.14697940705597165
.15618649469854928
.1661639804312091
.17689454473604455
.1883595608562137
.2005391271293846
.2134121015342279
.226956138390008
.2411477271455585
.25596223319029865
.2713739406164775
.2873560968583764
.30388095913102603
.3209198425877947
.33844317011325886
.3564205236649367
.3748206970747544
.39361175021857764
.4127610644597913
.43223539927069643
.45200094993339757
.47202340622006767
.49226801195069547
.5126996253249441
.5332827799234
.5539817462723076
.5747605938649295
.5955832535318759
.6164135800521369
.6372154148961139
.6579526489917694
.6785892854049167
.6990895018248612
.7194177127469099
.7395386312438197
.7594173302189754
.7790193030349211
.7983105234120662
.8172575044935276
.8358273569736301
.853987846189139
.8717074480741112
.8889554038812681
.9057017735748637
.9219174878024081
.937574398354973
.9526453270285592
.967104112801638
.9809256572470302
.994085968099256
1.0065622009017487
1.0183326986616317
1.0293770294432283
1.0396760218350352
1.0492117982286122
1.0579678058516035
1.065928845501038
1.0730810979270087
1.0794121478209633
1.0849110053669335
1.0895681253183247
1.0933754235671194
1.0963262911767626
1.0984156058543457
1.0996397408421934
1.0999965712134034
1.0994854775604248
1.0981073470702618
1.0958645719844413
1.0927610454464158
1.0888021547436142
1.0839947719558614
1.0783472420264137
1.0718693682763045
1.0645723953871524
1.0564689898819661
1.0475732181378392
1.0379005219686868
1.0274676918204162
1.0162928376250708
1.0043953573645203
.9917959033982793
.9785163466139071
.9645797384622097
.9500102709431442
.9348332346119025
.9190749746780462
.902762845273907
.8859251619716537
Output_flow
.09104277436364583
.36360470550067314
.7146513012691718
.741254166586282
.24338435418735663
.5743430409372737
.818414802536722
.6262777499658774
.10062375020243879
.6382903108565839
.6766055054294786
