System_realization
5.000138888760288
5.373214897938958
4.716942767495086
4.822027953839129
5.60263839107754
6.127511006010041
6.6136765454140205
7.526849090758758
6.769616665041208
7.17674976696826
7.809126239704451
8.140911339040915
7.768537757854637
8.064386464149758
8.760196961600947
8.719344150387432
7.982215378524162
8.531550777349523
7.595811928709353
7.816695013941048
7.806119536357268
7.072800986150163
7.595938355414065
7.610338586771895
7.6370401012957085
7.624662753135221
7.51640312019988
7.4588789209498945
6.531622928127572
6.995868689876215
6.4647085388897825
6.915358808327788
7.013782399324462
7.127386666840199
8.496967223157991
8.840794255446806
9.38684074742127
10.335868316393272
11.206429863789044
11.382526221500619
11.549433742944466
12.74169558437222
14.513417083084558
15.507406518316815
15.583936850036588
15.202380402355322
13.787069812286475
12.855178577641007
14.50195736908515
17.014069820296825
17.1164834361263
19.74079262163778
17.217605959551456
17.9000935588887
20.79973508962477
20.33006714695241
20.1185199474573
20.898042135276548
18.627647973410085
19.427388825246823
21.867803359161023
21.70899076980022
21.27699385675379
22.289097466918996
22.819366217249318
29.02065070598557
26.94448326215261
28.516642867815047
26.392911114650573
24.084653745101267
22.79551614732527
25.18873104597478
26.986839272863914
26.950402110343102
27.707398612023844
29.474785205432767
30.00998940029534
27.374228376109485
24.585881842496065
25.00020771734955
27.339109990490886
31.810629409462504
35.519003653114254
39.40904141206438
42.37187075031031
45.09256589635198
42.929901319230964
47.52581167050919
48.11421449787079
46.80826231518543
44.85391814742804
43.10749553012277
42.74648418485268
43.906548512041695
41.00830229419126
41.95772131402454
44.54199914653597
41.60059197725245
40.60765425607997
44.03292043031381
48.49437066799374
47.9029690065491
44.875351531050335
47.86266056164572
48.41237319979907
45.24011471282374
46.384067543729024
45.82400277583
43.8044284022358
47.337050538991
46.32160467758133
48.148361771837976
48.88661589989171
53.93054600389653
53.3800201311215
51.639976385785886
46.74094098124621
50.86785458518145
51.434501221523576
48.59384087226797
45.86624968130291
44.41277750078916
41.48070650519337
42.988328917978734
39.55730588659958
36.99735616851978
40.041768888799844
36.689679240435545
36.25055625524864
38.07537036939472
41.76338136422543
46.72559899106979
49.38998029292601
43.97395005803495
42.95340218464316
43.322133201877314
45.84112883460331
39.24081892120004
40.7468472744034
40.78279520178005
36.94615996287041
37.57682124016616
37.01198590198618
34.58986705913835
36.965681479248
37.56660508411937
37.48360265414747
38.936194964789294
39.94962790019826
41.93389393650442
39.83537892153501
38.09302811594882
35.55735991228459
37.25778705282009
33.86894861056628
39.29191950839907
32.0224304310066
31.05526196880496
34.70385256279634
33.229549794519
31.352414769472027
29.36430821238337
29.919080344794438
23.002271716286398
24.094388030410137
23.840389323178044
21.673256912439342
20.933714248244794
23.802589458027224
26.218509932059703
26.66077604852715
30.303098256782018
29.85985960299745
31.5856480030998
31.268117856287542
31.83146685887952
26.90011750674341
25.15790545326536
27.682105228353397
28.1529004405007
29.98072564594224
23.316233082566665
24.357220568943514
25.069929199662496
24.524102733816424
24.268740672114717
26.05761820881871
25.827922597551524
24.1381080200866
25.26980934239758
23.387665317488413
21.906548982953222
25.48829742949745
26.18238183893235
28.07553701304247
28.051539159130446
28.34481835781409
26.24728654441853
22.509034903995037
20.89023269224282
19.742473664928944
21.038990489423682
21.968932155525835
21.88009742349947
21.10033697765681
20.899925168280593
20.739476241889314
20.04670774335938
19.266468791915198
17.40223743573945
15.831449684299065
17.676008088764423
17.16792197142269
18.449603653705047
18.21009485189265
18.00753931928772
20.047947804376967
20.234578641762578
22.69998091584172
23.02007166953445
20.474160403719143
18.788449232057616
19.728352460894513
20.340456895524657
21.571342521925704
21.55288708445061
23.032031577953827
20.788769639414806
20.73455593731962
17.660664088916352
18.826323133967467
19.201693510271802
18.65103400666074
17.709514301653087
14.618143915058505
14.590253512316528
14.894226308273408
15.575085216324124
18.871514177236584
18.65581207509404
18.011581987819987
20.274175330178693
22.156889592845804
25.95118264193367
24.47040746220784
24.042363716535338
21.098935557805838
23.676213196349917
25.43235237657879
25.62519965890576
25.93379955722233
25.49740116774934
28.895092261488507
29.64207586678731
31.30804779691502
28.385993582465574
29.431963561921666
30.542794195464126
33.225357513819546
38.63791931456383
39.17968269086455
40.87887934198412
39.27798966654829
46.206060748748556
44.11989770940048
45.569287972800836
46.99173693357823
51.73629173941055
58.22693701044007
52.77883802737262
52.20840813219359
53.92618226341274
50.48907410359463
49.64887827115292
52.7897477184659
51.992184747988766
49.838876958750646
48.196368253028815
50.465488545116784
41.88416507659373
37.00837341326806
35.3853075465965
32.06713697921224
32.82012600469841
32.727380907329376
35.48056005178075
38.271759185850605
40.17608644774475
42.314687415346796
40.85862405125502
37.562293961300554
35.53569723219328
37.800216184328974
38.06601366323863
40.38246140144001
38.929783290740616
29.577793008858663
28.953233811011057
27.15323266696338
30.63184843726574
32.24067053938399
34.934794455944484
36.40680945448983
36.938144029781505
33.33897704770624
35.765209053634784
34.148149008745
34.17535469584968
32.778711833065294
35.10484294740944
38.396367229122426
37.39793905752396
39.54555556583379
38.650761867443045
36.88708800305948
34.16229764199987
29.70081532582018
28.850475643638475
27.910043059016843
23.409350773119197
21.65490704502669
21.731070649833537
20.0472281391846
19.598288289370323
18.834273449145453
18.859388109391958
18.51427091358964
19.89181420097986
19.74257849028273
21.334769051938125
23.140479147550902
23.355211895043148
20.818214824087473
21.55676351131752
20.57302793721699
18.659047400559444
17.964175913678062
18.959466640128483
17.499955705116378
19.841582885175253
20.409217890994714
18.4045595473174
19.519936659031014
20.237444794887832
19.72864670907519
16.520630700801583
19.00263220421065
17.266541316533385
17.34748569936651
16.272701500773582
17.752243428874536
16.555600635990142
18.24390008497808
17.82219465573029
17.150055236290854
15.630676162523173
14.290404548420371
16.158166119008033
16.587120524653006
17.501585332882343
18.044644999719182
15.031447930082791
13.640750982357753
13.518247549804677
11.798500225016104
11.215782320539946
9.900262507146886
9.612360970991961
9.804721562594871
10.178170823128745
9.740541547676294
10.589396104601107
11.045429101796733
11.231909732867337
11.939016681159153
10.755470918074582
11.267699724709045
11.062012578535825
11.146443591970261
9.740740687749923
9.305689698005478
7.888638029856616
7.4711978625316116
8.020574257833779
8.247159768314702
8.628416353381027
8.281904152809576
7.572951325839219
7.049942456976347
7.737019168684849
7.692168018247791
7.192375853207661
6.308239718006467
6.91507340655387
6.673960260943917
6.281069366588652
6.397364686628292
6.131785440733131
6.36088026787058
7.031410030582877
6.741420892263541
6.401934828122112
7.199368668504171
7.695565716930144
7.928215577018743
8.026677346125663
8.634135297020146
9.27775181317787
9.740387596082456
10.36346810454797
10.444824703659712
10.329354656028515
10.455372777693883
11.457933365611957
12.758183306204305
13.984368900324931
12.173821501264403
13.348925895320317
14.415752041509954
16.258655110129087
15.674196226654958
16.4846948707033
16.409643164832136
16.961731960313035
15.380597441496565
16.956782250800956
17.044556045550955
19.011902707357706
19.873177529940346
19.846146766852822
19.210485840077975
19.40053794704001
17.88654841431108
18.51920513233848
19.504737035359973
21.084610230972967
23.035134433384794
25.369633950146515
25.813172333195702
28.848288851721858
24.43855932813468
27.570006646828496
28.926135097471636
29.03927155722563
28.89972412333538
32.64116554288954
31.79600523668764
35.74251573956971
30.442260035635474
30.115490728791485
27.178618838399018
28.25275369336143
27.07568511748658
31.311732054005773
32.59865092580429
33.28622927217616
29.937241998268153
29.350183316116723
29.36226272051504
30.39959459698223
34.69672229672392
32.69230686976262
33.72517720125874
35.934440595565746
38.132995615484006
37.20719426749144
36.75960711628155
39.53267187028396
33.46770690456825
34.58348074691377
35.777597704836666
35.80928134484548
33.256107283799714
32.040143352681454
32.02167350462039
34.69489098401671
32.59598377471337
32.685858829107865
37.19138212851278
32.7132766090789
35.26590344879133
32.04225982007088
30.89421858971663
28.6976801207519
33.45995167732847
34.086680844481435
38.92705949097655
33.34319895636118
33.702271275192494
31.114257406630298
31.41296962995061
28.168364756822996
26.182852973057905
27.43409621985127
27.346993233782275
28.144124437968983
27.729249080074815
27.58443770109971
27.013950239297216
28.224124020351596
27.682003560907734
Rain_input
.10000277777520576
.10033607345590566
.10122449987336021
.10266706997850412
.10466218106407205
.10720761654521965
.11030054842216762
.11393754042213261
.11811455181705474
.12282694191287966
.12806947520540782
.1338363271969828
.14012109086755623
.14691678379293965
.15421585590233555
.16201019786652776
.17029115010741358
.17904951241886566
.18827555418823738
.1979590252071534
.20808916705957542
.21865472507449107
.22964396082994618
.24104466519452836
.25284417189181196
.2650293715726962
.27758672637999937
.2905022849891301
.30376169810812353
.3173502344198229
.3312527969484942
.345453939832691
.359937885485733
.3746885421247349
.38968952164870974
.404924157845885
.42037552490999885
.43602645624501335
.4518595635373406
.4678572560744054
.4840017602880695
.5002751395012136
.5166593138555325
.5331360803984071
.5496871333065341
.5662940842238471
.5829384826911307
.5996018366446334
.6162656329609025
.6329113580250166
.6495205182993643
.6660746608701159
.6825553939485651
.6989444073045544
.7152234926092943
.7313745636649647
.7473796764986305
.7632210492981433
.7788810821678809
.7943423766823761
.8095877552161107
.8246002800279998
.8393632720793599
.8538603295644599
.8680753461330608
.881992528784705
.8955964154148689
.9088718919934882
.9218042093567704
.9343789995936364
.9465822920085897
.9584005286432712
.9698205793394663
.9808297563268151
.9914158283190324
1.0015670341029665
1.0112720956054038
1.0205202304231007
1.0293011638021234
1.0376051400531834
1.0454229333902882
1.052745858180667
1.0595657785945787
1.0658751176442862
1.0716668656021526
1.0769345877885061
1.0816724317206217
1.0858751336148782
1.089538024234865
1.0926570340789419
1.0952286979014896
1.0972501585628254
1.0987191702035093
1.0996341007395125
1.0999939336754752
1.0997982692340431
1.0990473248000214
1.0977419346788602
1.0958835491697325
1.0934742329542417
1.0905166628025422
1.087014124599426
1.0829705096936775
1.0783903105747532
1.0732786158815883
1.0676411047490786
1.0614840404985129
1.0548142636789724
1.047639184467424
1.0399667744359538
1.0318055576952831
1.0231646014244122
1.0140535057969104
1.0044823933150429
.9944618975635875
.9840031513958364
.9731177745649013
.9618178608140748
.9501159644405808
.9380250863476458
.9255586596003916
.9127305345015856
.8995549632038424
.886046583875366
.872220404436821
.8580917858874123
.8436764252386871
.8289903380750256
.8140498407601968
.7988715323097401
.7834722759493271
.7678691803795754
.752079580768143
.7361210194902139
.7200112266387745
.703768100326336
.6874096867999808
.6709541603918366
.654419803327242
.6378249854130437
.6211881436285902
.604527761642098
.5878623492751373
.5712104219380769
.5545904800593043
.5380209885310998
.5215203561949887
.5051069153893666
.4887989015821218
.4726144331108785
.45657149105337524
.4406878992503397
.4249813045030544
.40946915696761665
.39416869076766836
.3790969048471473
.36427054408431436
.34970608068806286
.3354196958971526
.3214272620027239
.3077443247140514
.29438608588713244
.2813673866352978
.26870269084061615
.2564060690843991
.244491183014673
.23297127016797037
.22185912926232224
.211167105977775
.20090707924023854
.19109044802390251
.1817281186868807
.17283049285415863
.1644074558613017
.15646836577176576
.14902204298001412
.14207676041198242
.13564023433379374
.1297196157789203
.12432148260332901
.11945183217742732
.11511607472293674
.1113190273020905
.1080649084658395
.1053573335670057
.10319931074359683
.10159323757673933
.10054089842694648
.10004346245167886
.10010148230640104
.10071489353057671
.10188301461928473
.10360454778037699
.10587758037633596
.10869958704923077
.1120674325264108
.11597737510381897
.1204250708030564
.1254055781975777
.1309133639026568
.1369423087230229
.1434857144513364
.15053631130995315
.15808626602770653
.16612719054273722
.1746501513216978
.18364567928498268
.19310378032695247
.20301394641947001
.2133651672864025
.22414594263613358
.2353442949384762
.2469477827318137
.2589435144456604
.27131816272330744
.28405797922862114
.297148809920562
.31057611077843666
.32432496396042926
.3383800943774426
.35272588666384974
.3673464025262937
.3822253984512616
.3973463437517635
.4126924389330606
.4282466343570428
.44399164918451706
.45990999057436077
.4759839731182145
.49219573848911424
.5085272752822413
.5249604390257407
.5414769723393775
.558058525218639
.5746866754217405
.5913429489368839
.6080088405070438
.6246658341894533
.6412954239269733
.6578791341084729
.6743985400953856
.6908352886916365
.7071711185341885
.7233878803815738
.7394675572778469
.7553922845695719
.7711443697535989
.786706312133583
.8020608222633959
.817190841155854
.83207955923538
.8467104350135919
.8610672134670259
.8751339440966006
.8888949986487599
.9023350884785818
.915439281535599
.9281930189534191
.9405821312247544
.9525928539438562
.964211843098884
.975426189897213
.9862234351072086
.9965915829005336
1.0065191141796181
1.0159949993754627
1.025008710701589
1.0335502338504932
1.0416100791196223
1.049179291954516
1.0562494628973877
1.0628127369301024
1.0688618222011659
1.0743899981270324
1.0793911228587276
1.0838596401054945
1.0877905853078766
1.0911795911533857
1.0940228924286213
1.0963173302024543
1.098060355335625
1.0992500313128577
1.099885036394346
1.0999646650842152
1.0994888289143354
1.0984580565426094
1.0968734931656299
1.094736899246356
1.092050648558226
1.088817725547873
1.0850417220193833
1.0807268331437685
1.0758778527980997
1.070500168239469
1.0645997541197019
1.0581831658474716
1.0512575323051838
1.043830547928732
1.0359104641589136
1.0275060802740132
1.0186267336137316
1.0092822892053215
.9994831288034672
.9892401393560623
.9785647009087276
.9674686739614818
.9559643862916313
.9440646192575064
.931782593598268
.9191319547455565
.9061267576633056
.892781451232564
.8791108621986622
.8651301786985869
.8508549333868242
.8363009861784648
.8214845066286952
.8064219559683001
.7911300688150925
.7756258345816144
.7599264785997677
.7440494429833199
.7280123672495759
.7118330687217317
.695529522733673
.6791198426592437
.6626222597881257
.6460551030707339
.6294367787546017
.6127857499348828
.5961205160417059
.5794595922871497
.5628214890946976
.5462246915340015
.5296876387838086
.5132287036458982
.496866172132734
.4806182231515622
.46450290830749097
.44853813184800695
.43274163077121763
.4171309551198915
.4017234484832176
.3865362287279408
.3715861689802641
.3568898788796706
.34246368612547373
.3283236183366125
.3144853852448355
.3009643612410524
.2877755682942701
.2749336592620495
.2624529016110706
.2503471615658546
.2386298887032718
.22731410100995614
.21641237041921213
.20593680884349325
.1958990547179703
.18631026007012808
.17718107812977907
.16852165149322915
.1603416008547769
.15265001431803826
.1454554372989889
.13876586303194027
.1325887236889863
.126930882122801
.12179862424195331
.11719765202720822
.11313307719658286
.10960941552618214
.10663058183313673
.10419988562620841
.10232002742889791
.10099309577914173
.1002205649089289
.1000032931064176
.10034152176236943
.10123487510196263
.10268236060228074
.10468237009501394
.10723268155314736
.11033046155965061
.11397226845542921
.11815405616303358
.12287117868188724
.12811839525002983
.13388987616664658
.14017920926891553
.14697940705597165
.15428291445208003
.1620816172003835
.170366850877912
.17912941052182837
.1883595608562137
.1980470471080439
.20818110640032178
.21875047970973036
.22974342437549028
.2411477271455585
.2529507177456513
.2651392829560244
.27769988118036526
.2906185574906186
.30388095913102603
.3174723514641631
.3313776343412289
.34558135887844954
.36006774462090696
.3748206970747544
.38982382558833895
.405060461562339
.42051367696872843
.43616630315794247
.45200094993339757
.46800002487214
.4841457528701719
.5004201958907394
.5168052728936394
.5332827799234
.5498344103340348
.5664417751278633
.5830864233858528
.5997498627667325
.6164135800521369
.6330590617149499
.6496678144879796
.666221385910137
.6827013848272641
.6990895018248612
.7153675295700029
.7315173830398256
.7475211196141434
.7633609590098412
.7790193030349211
.794478755140239
.8097221397472059
.8247325213300056
.8394932232311026
.853987846189139
.8682002865586572
.8821147542013746
.8957157900291698
.9089882831792407
.9219174878024081
.934489039445873
.9466889710122436
.9585037282770921
.9699201849478105
.9809256572470302
.9915079180044081
1.0016552102411034
1.0113562602318868
1.0206002900303357
1.0293770294432283
1.037676727440806
1.0454901629902518
1.0528086553003317
1.0596240734658282
1.065928845501038
1.0717159667523162
1.076979007680298
1.0817121210031775
1.085910048193078
1.0895681253183247
1.09268228822511
1.0952490770528016
1.0972656400778766
1.0987297368822089
1.0996397408421934
1.099994640935937
1.0997940428665136
1.0990381695000297
1.0977278606180199
1.0958645719844413
1.0934503737283088
1.090487948043764
1.0869805862101356
1.082932184935302
1.0783472420264137
1.0732308513927975
1.0675886973865771
1.0614270484873118
1.054752750337665
1.0475732181378392
1.0398964284072274
1.0317309101224323
1.0230857352415046
1.0139705086249253
1.0043953573645203
.9943709195321861
.9839083323608985
.9730192198711549
.9617156799565971
.9500102709431442
.9379159976365969
.9254462968741874
.9126150225961389
.8994364304538334
.8859251619716537
Output_flow
.12491819426267801
.33824784529322216
.9604422834034096
.6842555451705008
.3538656445978039
.5569063371646591
.6010475336028246
.3666451591364008
.12866514095673864
.6569858537778925
.623088166956837
